ASV_176	hap5_31192_consensus	92.593	162	11	1	3	164	26	186	5.25e-65	231	N/A	0
ASV_176	hap2_31181_consensus	92.593	162	11	1	3	164	26	186	5.25e-65	231	N/A	0
ASV_176	hap9_33552_consensus	92.593	162	11	1	3	164	26	186	5.25e-65	231	N/A	0
ASV_176	hap6_ABLG9500_consensus	92.025	163	10	3	3	164	26	186	2.44e-63	226	N/A	0
ASV_020	hap9_33552_consensus	99.387	163	1	0	1	163	24	186	1.83e-84	296	N/A	0
ASV_020	hap7_31214_consensus	95.706	163	7	0	1	163	24	186	1.85e-74	263	N/A	0
ASV_020	hap6_ABLG9500_consensus	95.706	163	7	0	1	163	24	186	1.85e-74	263	N/A	0
ASV_020	hap5_31192_consensus	95.706	163	7	0	1	163	24	186	1.85e-74	263	N/A	0
ASV_020	hap2_31181_consensus	95.706	163	7	0	1	163	24	186	1.85e-74	263	N/A	0
ASV_020	hap12_33579_consensus	95.732	164	6	1	1	163	24	187	1.85e-74	263	N/A	0
ASV_020	hap11_31157_consensus	95.122	164	7	1	1	163	24	187	8.61e-73	257	N/A	0
ASV_020	hap3_31089_consensus	95.092	163	8	0	1	163	24	186	8.61e-73	257	N/A	0
ASV_020	hap4_31194_consensus	94.479	163	9	0	1	163	24	186	4.01e-71	252	N/A	0
ASV_020	hap10_33268_consensus	94.512	164	8	1	1	163	24	187	4.01e-71	252	N/A	0
ASV_020	hap8_33568_consensus	94.479	163	9	0	1	163	24	186	4.01e-71	252	N/A	0
ASV_020	hap1_33267_consensus	94.479	163	9	0	1	163	24	186	4.01e-71	252	N/A	0
ASV_236	hap6_ABLG9500_consensus	98.160	163	3	0	1	163	24	186	3.95e-81	285	N/A	0
ASV_236	hap4_31194_consensus	98.160	163	3	0	1	163	24	186	3.95e-81	285	N/A	0
ASV_236	hap3_31089_consensus	97.546	163	4	0	1	163	24	186	1.84e-79	279	N/A	0
ASV_236	hap5_31192_consensus	96.933	163	5	0	1	163	24	186	8.55e-78	274	N/A	0
ASV_236	hap2_31181_consensus	96.933	163	5	0	1	163	24	186	8.55e-78	274	N/A	0
ASV_236	hap1_33267_consensus	96.933	163	5	0	1	163	24	186	8.55e-78	274	N/A	0
ASV_236	hap7_31214_consensus	95.706	163	7	0	1	163	24	186	1.85e-74	263	N/A	0
ASV_236	hap12_33579_consensus	95.732	164	6	1	1	163	24	187	1.85e-74	263	N/A	0
ASV_236	hap8_33568_consensus	95.706	163	7	0	1	163	24	186	1.85e-74	263	N/A	0
ASV_236	hap11_31157_consensus	95.122	164	7	1	1	163	24	187	8.61e-73	257	N/A	0
ASV_236	hap10_33268_consensus	94.512	164	8	1	1	163	24	187	4.01e-71	252	N/A	0
ASV_236	hap9_33552_consensus	94.479	163	9	0	1	163	24	186	4.01e-71	252	N/A	0
ASV_250	hap5_31192_consensus	92.683	164	11	1	1	164	24	186	4.06e-66	235	N/A	0
ASV_250	hap2_31181_consensus	92.683	164	11	1	1	164	24	186	4.06e-66	235	N/A	0
ASV_250	hap9_33552_consensus	92.683	164	11	1	1	164	24	186	4.06e-66	235	N/A	0
ASV_250	hap6_ABLG9500_consensus	92.121	165	10	3	1	164	24	186	1.89e-64	230	N/A	0
ASV_250	hap3_31089_consensus	92.073	164	12	1	1	164	24	186	1.89e-64	230	N/A	0
ASV_112	hap5_31192_consensus	93.293	164	10	1	1	164	24	186	8.73e-68	241	N/A	0
ASV_112	hap2_31181_consensus	93.293	164	10	1	1	164	24	186	8.73e-68	241	N/A	0
ASV_112	hap9_33552_consensus	93.293	164	10	1	1	164	24	186	8.73e-68	241	N/A	0
ASV_112	hap6_ABLG9500_consensus	92.727	165	9	3	1	164	24	186	4.06e-66	235	N/A	0
ASV_112	hap3_31089_consensus	92.683	164	11	1	1	164	24	186	4.06e-66	235	N/A	0
ASV_112	hap12_33579_consensus	92.121	165	11	2	1	164	24	187	5.25e-65	231	N/A	0
ASV_112	hap7_31214_consensus	92.073	164	12	1	1	164	24	186	1.89e-64	230	N/A	0
ASV_112	hap4_31194_consensus	92.073	164	12	1	1	164	24	186	1.89e-64	230	N/A	0
ASV_112	hap8_33568_consensus	92.073	164	12	1	1	164	24	186	1.89e-64	230	N/A	0
ASV_112	hap1_33267_consensus	92.073	164	12	1	1	164	24	186	1.89e-64	230	N/A	0
ASV_195	hap5_31192_consensus	92.683	164	11	1	1	164	24	186	4.06e-66	235	N/A	0
ASV_195	hap2_31181_consensus	92.683	164	11	1	1	164	24	186	4.06e-66	235	N/A	0
ASV_195	hap9_33552_consensus	92.683	164	11	1	1	164	24	186	4.06e-66	235	N/A	0
ASV_195	hap6_ABLG9500_consensus	92.121	165	10	3	1	164	24	186	1.89e-64	230	N/A	0
ASV_195	hap3_31089_consensus	92.073	164	12	1	1	164	24	186	1.89e-64	230	N/A	0
ASV_003	hap5_31192_consensus	93.293	164	10	1	1	164	24	186	8.73e-68	241	N/A	0
ASV_003	hap2_31181_consensus	93.293	164	10	1	1	164	24	186	8.73e-68	241	N/A	0
ASV_003	hap9_33552_consensus	93.293	164	10	1	1	164	24	186	8.73e-68	241	N/A	0
ASV_003	hap6_ABLG9500_consensus	92.727	165	9	3	1	164	24	186	4.06e-66	235	N/A	0
ASV_003	hap3_31089_consensus	92.683	164	11	1	1	164	24	186	4.06e-66	235	N/A	0
ASV_003	hap12_33579_consensus	92.121	165	11	2	1	164	24	187	5.25e-65	231	N/A	0
ASV_003	hap7_31214_consensus	92.073	164	12	1	1	164	24	186	1.89e-64	230	N/A	0
ASV_003	hap4_31194_consensus	92.073	164	12	1	1	164	24	186	1.89e-64	230	N/A	0
ASV_003	hap8_33568_consensus	92.073	164	12	1	1	164	24	186	1.89e-64	230	N/A	0
ASV_003	hap1_33267_consensus	92.073	164	12	1	1	164	24	186	1.89e-64	230	N/A	0
ASV_171	hap5_31192_consensus	92.073	164	12	1	1	164	24	186	1.89e-64	230	N/A	0
ASV_171	hap2_31181_consensus	92.073	164	12	1	1	164	24	186	1.89e-64	230	N/A	0
ASV_171	hap9_33552_consensus	92.073	164	12	1	1	164	24	186	1.89e-64	230	N/A	0
ASV_004	hap5_31192_consensus	92.683	164	11	1	1	164	24	186	4.06e-66	235	N/A	0
ASV_004	hap2_31181_consensus	92.683	164	11	1	1	164	24	186	4.06e-66	235	N/A	0
ASV_004	hap9_33552_consensus	92.683	164	11	1	1	164	24	186	4.06e-66	235	N/A	0
ASV_004	hap6_ABLG9500_consensus	92.121	165	10	3	1	164	24	186	1.89e-64	230	N/A	0
ASV_004	hap3_31089_consensus	92.073	164	12	1	1	164	24	186	1.89e-64	230	N/A	0
ASV_188	hap5_31192_consensus	92.121	165	10	3	1	164	24	186	1.89e-64	230	N/A	0
ASV_188	hap2_31181_consensus	92.121	165	10	3	1	164	24	186	1.89e-64	230	N/A	0
ASV_188	hap9_33552_consensus	92.121	165	10	3	1	164	24	186	1.89e-64	230	N/A	0
ASV_188	hap8_33568_consensus	92.073	164	12	1	1	164	24	186	1.89e-64	230	N/A	0
ASV_031	hap5_31192_consensus	93.865	163	10	0	1	163	24	186	1.86e-69	246	N/A	0
ASV_031	hap2_31181_consensus	93.865	163	10	0	1	163	24	186	1.86e-69	246	N/A	0
ASV_031	hap9_33552_consensus	93.865	163	10	0	1	163	24	186	1.86e-69	246	N/A	0
ASV_031	hap6_ABLG9500_consensus	93.293	164	9	2	1	163	24	186	8.67e-68	241	N/A	0
ASV_031	hap3_31089_consensus	93.252	163	11	0	1	163	24	186	8.67e-68	241	N/A	0
ASV_031	hap7_31214_consensus	92.638	163	12	0	1	163	24	186	4.04e-66	235	N/A	0
ASV_031	hap4_31194_consensus	92.638	163	12	0	1	163	24	186	4.04e-66	235	N/A	0
ASV_031	hap12_33579_consensus	92.683	164	11	1	1	163	24	187	4.04e-66	235	N/A	0
ASV_031	hap8_33568_consensus	92.638	163	12	0	1	163	24	186	4.04e-66	235	N/A	0
ASV_031	hap1_33267_consensus	92.638	163	12	0	1	163	24	186	4.04e-66	235	N/A	0
ASV_242	hap5_31192_consensus	93.902	164	9	1	1	164	24	186	1.88e-69	246	N/A	0
ASV_242	hap2_31181_consensus	93.902	164	9	1	1	164	24	186	1.88e-69	246	N/A	0
ASV_242	hap9_33552_consensus	93.902	164	9	1	1	164	24	186	1.88e-69	246	N/A	0
ASV_242	hap6_ABLG9500_consensus	93.333	165	8	3	1	164	24	186	8.73e-68	241	N/A	0
ASV_242	hap3_31089_consensus	93.293	164	10	1	1	164	24	186	8.73e-68	241	N/A	0
ASV_242	hap12_33579_consensus	92.727	165	10	2	1	164	24	187	1.13e-66	237	N/A	0
ASV_242	hap7_31214_consensus	92.683	164	11	1	1	164	24	186	4.06e-66	235	N/A	0
ASV_242	hap4_31194_consensus	92.683	164	11	1	1	164	24	186	4.06e-66	235	N/A	0
ASV_242	hap8_33568_consensus	92.683	164	11	1	1	164	24	186	4.06e-66	235	N/A	0
ASV_242	hap1_33267_consensus	92.683	164	11	1	1	164	24	186	4.06e-66	235	N/A	0
ASV_139	hap5_31192_consensus	92.073	164	12	1	1	164	24	186	1.89e-64	230	N/A	0
ASV_139	hap2_31181_consensus	92.073	164	12	1	1	164	24	186	1.89e-64	230	N/A	0
ASV_139	hap9_33552_consensus	92.073	164	12	1	1	164	24	186	1.89e-64	230	N/A	0
ASV_141	hap5_31192_consensus	92.073	164	12	1	1	164	24	186	1.89e-64	230	N/A	0
ASV_141	hap4_31194_consensus	92.073	164	12	1	1	164	24	186	1.89e-64	230	N/A	0
ASV_141	hap2_31181_consensus	92.073	164	12	1	1	164	24	186	1.89e-64	230	N/A	0
ASV_141	hap9_33552_consensus	92.073	164	12	1	1	164	24	186	1.89e-64	230	N/A	0
ASV_005	hap5_31192_consensus	92.683	164	11	1	1	164	24	186	4.06e-66	235	N/A	0
ASV_005	hap2_31181_consensus	92.683	164	11	1	1	164	24	186	4.06e-66	235	N/A	0
ASV_005	hap9_33552_consensus	92.683	164	11	1	1	164	24	186	4.06e-66	235	N/A	0
ASV_005	hap6_ABLG9500_consensus	92.121	165	10	3	1	164	24	186	1.89e-64	230	N/A	0
ASV_005	hap3_31089_consensus	92.073	164	12	1	1	164	24	186	1.89e-64	230	N/A	0
ASV_180	hap5_31192_consensus	92.025	163	12	1	1	163	24	185	6.80e-64	228	N/A	0
ASV_180	hap2_31181_consensus	92.025	163	12	1	1	163	24	185	6.80e-64	228	N/A	0
ASV_180	hap9_33552_consensus	92.025	163	12	1	1	163	24	185	6.80e-64	228	N/A	0
ASV_001	hap5_31192_consensus	92.073	164	12	1	1	164	24	186	1.89e-64	230	N/A	0
ASV_001	hap2_31181_consensus	92.073	164	12	1	1	164	24	186	1.89e-64	230	N/A	0
ASV_001	hap9_33552_consensus	92.073	164	12	1	1	164	24	186	1.89e-64	230	N/A	0
ASV_033	hap5_31192_consensus	93.293	164	10	1	1	164	24	186	8.73e-68	241	N/A	0
ASV_033	hap2_31181_consensus	93.293	164	10	1	1	164	24	186	8.73e-68	241	N/A	0
ASV_033	hap9_33552_consensus	93.293	164	10	1	1	164	24	186	8.73e-68	241	N/A	0
ASV_033	hap3_31089_consensus	92.683	164	11	1	1	164	24	186	4.06e-66	235	N/A	0
ASV_033	hap12_33579_consensus	92.121	165	11	2	1	164	24	187	5.25e-65	231	N/A	0
ASV_033	hap7_31214_consensus	92.073	164	12	1	1	164	24	186	1.89e-64	230	N/A	0
ASV_033	hap6_ABLG9500_consensus	92.073	164	12	1	1	164	24	186	1.89e-64	230	N/A	0
ASV_033	hap4_31194_consensus	92.073	164	12	1	1	164	24	186	1.89e-64	230	N/A	0
ASV_033	hap8_33568_consensus	92.073	164	12	1	1	164	24	186	1.89e-64	230	N/A	0
ASV_033	hap1_33267_consensus	92.073	164	12	1	1	164	24	186	1.89e-64	230	N/A	0
ASV_030	hap5_31192_consensus	92.683	164	11	1	1	164	24	186	4.06e-66	235	N/A	0
ASV_030	hap2_31181_consensus	92.683	164	11	1	1	164	24	186	4.06e-66	235	N/A	0
ASV_030	hap9_33552_consensus	92.683	164	11	1	1	164	24	186	4.06e-66	235	N/A	0
ASV_030	hap3_31089_consensus	92.073	164	12	1	1	164	24	186	1.89e-64	230	N/A	0
ASV_276	hap5_31192_consensus	92.073	164	12	1	1	164	24	186	1.89e-64	230	N/A	0
ASV_276	hap2_31181_consensus	92.073	164	12	1	1	164	24	186	1.89e-64	230	N/A	0
ASV_276	hap9_33552_consensus	92.073	164	12	1	1	164	24	186	1.89e-64	230	N/A	0
ASV_189	hap5_31192_consensus	92.683	164	11	1	1	164	24	186	4.06e-66	235	N/A	0
ASV_189	hap6_ABLG9500_consensus	92.121	165	10	3	1	164	24	186	1.89e-64	230	N/A	0
ASV_189	hap3_31089_consensus	92.073	164	12	1	1	164	24	186	1.89e-64	230	N/A	0
ASV_273	hap5_31192_consensus	92.073	164	12	1	1	164	24	186	1.89e-64	230	N/A	0
ASV_273	hap2_31181_consensus	92.073	164	12	1	1	164	24	186	1.89e-64	230	N/A	0
ASV_273	hap9_33552_consensus	92.073	164	12	1	1	164	24	186	1.89e-64	230	N/A	0
ASV_019	hap9_33552_consensus	97.546	163	4	0	1	163	24	186	1.84e-79	279	N/A	0
ASV_019	hap7_31214_consensus	96.319	163	6	0	1	163	24	186	3.98e-76	268	N/A	0
ASV_019	hap6_ABLG9500_consensus	96.319	163	6	0	1	163	24	186	3.98e-76	268	N/A	0
ASV_019	hap5_31192_consensus	96.319	163	6	0	1	163	24	186	3.98e-76	268	N/A	0
ASV_019	hap2_31181_consensus	96.319	163	6	0	1	163	24	186	3.98e-76	268	N/A	0
ASV_019	hap12_33579_consensus	96.341	164	5	1	1	163	24	187	3.98e-76	268	N/A	0
ASV_019	hap11_31157_consensus	95.732	164	6	1	1	163	24	187	1.85e-74	263	N/A	0
ASV_019	hap3_31089_consensus	95.706	163	7	0	1	163	24	186	1.85e-74	263	N/A	0
ASV_019	hap4_31194_consensus	95.092	163	8	0	1	163	24	186	8.61e-73	257	N/A	0
ASV_019	hap10_33268_consensus	95.122	164	7	1	1	163	24	187	8.61e-73	257	N/A	0
ASV_019	hap8_33568_consensus	95.092	163	8	0	1	163	24	186	8.61e-73	257	N/A	0
ASV_019	hap1_33267_consensus	95.092	163	8	0	1	163	24	186	8.61e-73	257	N/A	0
ASV_254	hap5_31192_consensus	99.387	163	1	0	1	163	24	186	1.83e-84	296	N/A	0
ASV_254	hap3_31089_consensus	98.773	163	2	0	1	163	24	186	8.49e-83	291	N/A	0
ASV_254	hap6_ABLG9500_consensus	98.160	163	3	0	1	163	24	186	3.95e-81	285	N/A	0
ASV_254	hap4_31194_consensus	98.160	163	3	0	1	163	24	186	3.95e-81	285	N/A	0
ASV_254	hap2_31181_consensus	98.160	163	3	0	1	163	24	186	3.95e-81	285	N/A	0
ASV_254	hap1_33267_consensus	98.160	163	3	0	1	163	24	186	3.95e-81	285	N/A	0
ASV_254	hap7_31214_consensus	96.933	163	5	0	1	163	24	186	8.55e-78	274	N/A	0
ASV_254	hap12_33579_consensus	96.951	164	4	1	1	163	24	187	8.55e-78	274	N/A	0
ASV_254	hap8_33568_consensus	96.933	163	5	0	1	163	24	186	8.55e-78	274	N/A	0
ASV_254	hap11_31157_consensus	96.341	164	5	1	1	163	24	187	3.98e-76	268	N/A	0
ASV_254	hap10_33268_consensus	95.732	164	6	1	1	163	24	187	1.85e-74	263	N/A	0
ASV_254	hap9_33552_consensus	95.706	163	7	0	1	163	24	186	1.85e-74	263	N/A	0
ASV_017	hap2_31181_consensus	98.773	163	2	0	1	163	24	186	8.49e-83	291	N/A	0
ASV_017	hap3_31089_consensus	98.160	163	3	0	1	163	24	186	3.95e-81	285	N/A	0
ASV_017	hap6_ABLG9500_consensus	97.546	163	4	0	1	163	24	186	1.84e-79	279	N/A	0
ASV_017	hap5_31192_consensus	97.546	163	4	0	1	163	24	186	1.84e-79	279	N/A	0
ASV_017	hap4_31194_consensus	97.546	163	4	0	1	163	24	186	1.84e-79	279	N/A	0
ASV_017	hap8_33568_consensus	97.546	163	4	0	1	163	24	186	1.84e-79	279	N/A	0
ASV_017	hap1_33267_consensus	97.546	163	4	0	1	163	24	186	1.84e-79	279	N/A	0
ASV_017	hap7_31214_consensus	96.319	163	6	0	1	163	24	186	3.98e-76	268	N/A	0
ASV_017	hap12_33579_consensus	96.341	164	5	1	1	163	24	187	3.98e-76	268	N/A	0
ASV_017	hap9_33552_consensus	96.319	163	6	0	1	163	24	186	3.98e-76	268	N/A	0
ASV_017	hap11_31157_consensus	95.732	164	6	1	1	163	24	187	1.85e-74	263	N/A	0
ASV_017	hap10_33268_consensus	95.122	164	7	1	1	163	24	187	8.61e-73	257	N/A	0
ASV_296	hap3_31089_consensus	98.773	163	2	0	1	163	24	186	8.49e-83	291	N/A	0
ASV_296	hap6_ABLG9500_consensus	98.160	163	3	0	1	163	24	186	3.95e-81	285	N/A	0
ASV_296	hap5_31192_consensus	98.160	163	3	0	1	163	24	186	3.95e-81	285	N/A	0
ASV_296	hap4_31194_consensus	98.160	163	3	0	1	163	24	186	3.95e-81	285	N/A	0
ASV_296	hap2_31181_consensus	98.160	163	3	0	1	163	24	186	3.95e-81	285	N/A	0
ASV_296	hap1_33267_consensus	98.160	163	3	0	1	163	24	186	3.95e-81	285	N/A	0
ASV_296	hap8_33568_consensus	97.546	163	4	0	1	163	24	186	1.84e-79	279	N/A	0
ASV_296	hap7_31214_consensus	96.319	163	6	0	1	163	24	186	3.98e-76	268	N/A	0
ASV_296	hap12_33579_consensus	96.341	164	5	1	1	163	24	187	3.98e-76	268	N/A	0
ASV_296	hap11_31157_consensus	95.732	164	6	1	1	163	24	187	1.85e-74	263	N/A	0
ASV_296	hap10_33268_consensus	95.122	164	7	1	1	163	24	187	8.61e-73	257	N/A	0
ASV_296	hap9_33552_consensus	95.092	163	8	0	1	163	24	186	8.61e-73	257	N/A	0
ASV_148	hap5_31192_consensus	93.902	164	9	1	1	164	24	186	1.88e-69	246	N/A	0
ASV_148	hap2_31181_consensus	93.902	164	9	1	1	164	24	186	1.88e-69	246	N/A	0
ASV_148	hap9_33552_consensus	93.902	164	9	1	1	164	24	186	1.88e-69	246	N/A	0
ASV_148	hap6_ABLG9500_consensus	93.333	165	8	3	1	164	24	186	8.73e-68	241	N/A	0
ASV_148	hap3_31089_consensus	93.293	164	10	1	1	164	24	186	8.73e-68	241	N/A	0
ASV_148	hap12_33579_consensus	92.727	165	10	2	1	164	24	187	1.13e-66	237	N/A	0
ASV_148	hap7_31214_consensus	92.683	164	11	1	1	164	24	186	4.06e-66	235	N/A	0
ASV_148	hap4_31194_consensus	92.683	164	11	1	1	164	24	186	4.06e-66	235	N/A	0
ASV_148	hap8_33568_consensus	92.683	164	11	1	1	164	24	186	4.06e-66	235	N/A	0
ASV_148	hap1_33267_consensus	92.683	164	11	1	1	164	24	186	4.06e-66	235	N/A	0
ASV_148	hap11_31157_consensus	92.121	165	11	2	1	164	24	187	5.25e-65	231	N/A	0
ASV_231	hap3_31089_consensus	99.387	163	1	0	1	163	24	186	1.83e-84	296	N/A	0
ASV_231	hap6_ABLG9500_consensus	98.773	163	2	0	1	163	24	186	8.49e-83	291	N/A	0
ASV_231	hap5_31192_consensus	98.773	163	2	0	1	163	24	186	8.49e-83	291	N/A	0
ASV_231	hap4_31194_consensus	98.773	163	2	0	1	163	24	186	8.49e-83	291	N/A	0
ASV_231	hap2_31181_consensus	98.773	163	2	0	1	163	24	186	8.49e-83	291	N/A	0
ASV_231	hap1_33267_consensus	98.773	163	2	0	1	163	24	186	8.49e-83	291	N/A	0
ASV_231	hap8_33568_consensus	97.546	163	4	0	1	163	24	186	1.84e-79	279	N/A	0
ASV_231	hap7_31214_consensus	96.319	163	6	0	1	163	24	186	3.98e-76	268	N/A	0
ASV_231	hap12_33579_consensus	96.341	164	5	1	1	163	24	187	3.98e-76	268	N/A	0
ASV_231	hap11_31157_consensus	95.732	164	6	1	1	163	24	187	1.85e-74	263	N/A	0
ASV_231	hap10_33268_consensus	95.122	164	7	1	1	163	24	187	8.61e-73	257	N/A	0
ASV_231	hap9_33552_consensus	95.092	163	8	0	1	163	24	186	8.61e-73	257	N/A	0
ASV_095	hap5_31192_consensus	92.683	164	11	1	1	164	24	186	4.06e-66	235	N/A	0
ASV_095	hap2_31181_consensus	92.683	164	11	1	1	164	24	186	4.06e-66	235	N/A	0
ASV_095	hap9_33552_consensus	92.683	164	11	1	1	164	24	186	4.06e-66	235	N/A	0
ASV_095	hap6_ABLG9500_consensus	92.121	165	10	3	1	164	24	186	1.89e-64	230	N/A	0
ASV_095	hap3_31089_consensus	92.073	164	12	1	1	164	24	186	1.89e-64	230	N/A	0
ASV_237	hap3_31089_consensus	99.387	163	1	0	1	163	24	186	1.83e-84	296	N/A	0
ASV_237	hap6_ABLG9500_consensus	98.773	163	2	0	1	163	24	186	8.49e-83	291	N/A	0
ASV_237	hap5_31192_consensus	98.773	163	2	0	1	163	24	186	8.49e-83	291	N/A	0
ASV_237	hap4_31194_consensus	98.773	163	2	0	1	163	24	186	8.49e-83	291	N/A	0
ASV_237	hap2_31181_consensus	98.773	163	2	0	1	163	24	186	8.49e-83	291	N/A	0
ASV_237	hap1_33267_consensus	98.773	163	2	0	1	163	24	186	8.49e-83	291	N/A	0
ASV_237	hap8_33568_consensus	97.546	163	4	0	1	163	24	186	1.84e-79	279	N/A	0
ASV_237	hap7_31214_consensus	96.319	163	6	0	1	163	24	186	3.98e-76	268	N/A	0
ASV_237	hap12_33579_consensus	96.341	164	5	1	1	163	24	187	3.98e-76	268	N/A	0
ASV_237	hap11_31157_consensus	95.732	164	6	1	1	163	24	187	1.85e-74	263	N/A	0
ASV_237	hap10_33268_consensus	95.122	164	7	1	1	163	24	187	8.61e-73	257	N/A	0
ASV_237	hap9_33552_consensus	95.092	163	8	0	1	163	24	186	8.61e-73	257	N/A	0
ASV_210	hap8_33568_consensus	99.387	163	1	0	1	163	24	186	1.83e-84	296	N/A	0
ASV_210	hap1_33267_consensus	98.160	163	3	0	1	163	24	186	3.95e-81	285	N/A	0
ASV_210	hap3_31089_consensus	97.546	163	4	0	1	163	24	186	1.84e-79	279	N/A	0
ASV_210	hap6_ABLG9500_consensus	96.933	163	5	0	1	163	24	186	8.55e-78	274	N/A	0
ASV_210	hap5_31192_consensus	96.933	163	5	0	1	163	24	186	8.55e-78	274	N/A	0
ASV_210	hap4_31194_consensus	96.933	163	5	0	1	163	24	186	8.55e-78	274	N/A	0
ASV_210	hap2_31181_consensus	96.933	163	5	0	1	163	24	186	8.55e-78	274	N/A	0
ASV_210	hap7_31214_consensus	96.341	164	4	2	1	163	24	186	3.98e-76	268	N/A	0
ASV_210	hap12_33579_consensus	96.341	164	5	1	1	163	24	187	3.98e-76	268	N/A	0
ASV_210	hap11_31157_consensus	95.732	164	6	1	1	163	24	187	1.85e-74	263	N/A	0
ASV_210	hap10_33268_consensus	95.758	165	4	3	1	163	24	187	1.85e-74	263	N/A	0
ASV_210	hap9_33552_consensus	94.479	163	9	0	1	163	24	186	4.01e-71	252	N/A	0
ASV_126	hap12_33579_consensus	100.000	164	0	0	1	164	24	187	1.10e-86	303	N/A	0
ASV_126	hap11_31157_consensus	99.390	164	1	0	1	164	24	187	5.11e-85	298	N/A	0
ASV_126	hap10_33268_consensus	98.780	164	2	0	1	164	24	187	2.38e-83	292	N/A	0
ASV_126	hap7_31214_consensus	98.780	164	1	1	1	164	24	186	8.55e-83	291	N/A	0
ASV_126	hap6_ABLG9500_consensus	97.561	164	3	1	1	164	24	186	1.85e-79	279	N/A	0
ASV_126	hap5_31192_consensus	97.561	164	3	1	1	164	24	186	1.85e-79	279	N/A	0
ASV_126	hap3_31089_consensus	96.951	164	4	1	1	164	24	186	8.61e-78	274	N/A	0
ASV_126	hap4_31194_consensus	96.341	164	5	1	1	164	24	186	4.00e-76	268	N/A	0
ASV_126	hap2_31181_consensus	96.341	164	5	1	1	164	24	186	4.00e-76	268	N/A	0
ASV_126	hap9_33552_consensus	96.341	164	5	1	1	164	24	186	4.00e-76	268	N/A	0
ASV_126	hap8_33568_consensus	96.341	164	5	1	1	164	24	186	4.00e-76	268	N/A	0
ASV_126	hap1_33267_consensus	96.341	164	5	1	1	164	24	186	4.00e-76	268	N/A	0
ASV_026	hap11_31157_consensus	100.000	164	0	0	1	164	24	187	1.10e-86	303	N/A	0
ASV_026	hap12_33579_consensus	99.390	164	1	0	1	164	24	187	5.11e-85	298	N/A	0
ASV_026	hap10_33268_consensus	99.390	164	1	0	1	164	24	187	5.11e-85	298	N/A	0
ASV_026	hap7_31214_consensus	98.171	164	2	1	1	164	24	186	3.98e-81	285	N/A	0
ASV_026	hap6_ABLG9500_consensus	96.951	164	4	1	1	164	24	186	8.61e-78	274	N/A	0
ASV_026	hap5_31192_consensus	96.951	164	4	1	1	164	24	186	8.61e-78	274	N/A	0
ASV_026	hap3_31089_consensus	96.341	164	5	1	1	164	24	186	4.00e-76	268	N/A	0
ASV_026	hap4_31194_consensus	95.732	164	6	1	1	164	24	186	1.86e-74	263	N/A	0
ASV_026	hap2_31181_consensus	95.732	164	6	1	1	164	24	186	1.86e-74	263	N/A	0
ASV_026	hap9_33552_consensus	95.732	164	6	1	1	164	24	186	1.86e-74	263	N/A	0
ASV_026	hap8_33568_consensus	95.732	164	6	1	1	164	24	186	1.86e-74	263	N/A	0
ASV_026	hap1_33267_consensus	95.732	164	6	1	1	164	24	186	1.86e-74	263	N/A	0
ASV_105	hap10_33268_consensus	100.000	164	0	0	1	164	24	187	1.10e-86	303	N/A	0
ASV_105	hap11_31157_consensus	99.390	164	1	0	1	164	24	187	5.11e-85	298	N/A	0
ASV_105	hap12_33579_consensus	98.780	164	2	0	1	164	24	187	2.38e-83	292	N/A	0
ASV_105	hap7_31214_consensus	98.780	164	1	1	1	164	24	186	8.55e-83	291	N/A	0
ASV_105	hap6_ABLG9500_consensus	96.341	164	5	1	1	164	24	186	4.00e-76	268	N/A	0
ASV_105	hap5_31192_consensus	96.341	164	5	1	1	164	24	186	4.00e-76	268	N/A	0
ASV_105	hap3_31089_consensus	95.732	164	6	1	1	164	24	186	1.86e-74	263	N/A	0
ASV_105	hap8_33568_consensus	95.758	165	4	3	1	164	24	186	1.86e-74	263	N/A	0
ASV_105	hap1_33267_consensus	95.758	165	4	3	1	164	24	186	1.86e-74	263	N/A	0
ASV_105	hap4_31194_consensus	95.122	164	7	1	1	164	24	186	8.67e-73	257	N/A	0
ASV_105	hap2_31181_consensus	95.122	164	7	1	1	164	24	186	8.67e-73	257	N/A	0
ASV_105	hap9_33552_consensus	95.122	164	7	1	1	164	24	186	8.67e-73	257	N/A	0
ASV_283	hap10_33268_consensus	99.390	164	1	0	1	164	24	187	5.11e-85	298	N/A	0
ASV_283	hap11_31157_consensus	98.780	164	2	0	1	164	24	187	2.38e-83	292	N/A	0
ASV_283	hap12_33579_consensus	98.171	164	3	0	1	164	24	187	1.11e-81	287	N/A	0
ASV_283	hap7_31214_consensus	98.171	164	2	1	1	164	24	186	3.98e-81	285	N/A	0
ASV_283	hap6_ABLG9500_consensus	95.732	164	6	1	1	164	24	186	1.86e-74	263	N/A	0
ASV_283	hap5_31192_consensus	95.732	164	6	1	1	164	24	186	1.86e-74	263	N/A	0
ASV_283	hap9_33552_consensus	95.732	164	6	1	1	164	24	186	1.86e-74	263	N/A	0
ASV_283	hap3_31089_consensus	95.122	164	7	1	1	164	24	186	8.67e-73	257	N/A	0
ASV_283	hap8_33568_consensus	95.152	165	5	3	1	164	24	186	8.67e-73	257	N/A	0
ASV_283	hap1_33267_consensus	95.152	165	5	3	1	164	24	186	8.67e-73	257	N/A	0
ASV_283	hap4_31194_consensus	94.512	164	8	1	1	164	24	186	4.03e-71	252	N/A	0
ASV_283	hap2_31181_consensus	94.512	164	8	1	1	164	24	186	4.03e-71	252	N/A	0
ASV_027	hap9_33552_consensus	100.000	163	0	0	1	163	24	186	3.92e-86	302	N/A	0
ASV_027	hap7_31214_consensus	96.319	163	6	0	1	163	24	186	3.98e-76	268	N/A	0
ASV_027	hap6_ABLG9500_consensus	96.319	163	6	0	1	163	24	186	3.98e-76	268	N/A	0
ASV_027	hap5_31192_consensus	96.319	163	6	0	1	163	24	186	3.98e-76	268	N/A	0
ASV_027	hap2_31181_consensus	96.319	163	6	0	1	163	24	186	3.98e-76	268	N/A	0
ASV_027	hap12_33579_consensus	96.341	164	5	1	1	163	24	187	3.98e-76	268	N/A	0
ASV_027	hap11_31157_consensus	95.732	164	6	1	1	163	24	187	1.85e-74	263	N/A	0
ASV_027	hap3_31089_consensus	95.706	163	7	0	1	163	24	186	1.85e-74	263	N/A	0
ASV_027	hap4_31194_consensus	95.092	163	8	0	1	163	24	186	8.61e-73	257	N/A	0
ASV_027	hap10_33268_consensus	95.122	164	7	1	1	163	24	187	8.61e-73	257	N/A	0
ASV_027	hap8_33568_consensus	95.092	163	8	0	1	163	24	186	8.61e-73	257	N/A	0
ASV_027	hap1_33267_consensus	95.092	163	8	0	1	163	24	186	8.61e-73	257	N/A	0
ASV_166	hap9_33552_consensus	99.387	163	1	0	1	163	24	186	1.83e-84	296	N/A	0
ASV_166	hap7_31214_consensus	95.706	163	7	0	1	163	24	186	1.85e-74	263	N/A	0
ASV_166	hap6_ABLG9500_consensus	95.706	163	7	0	1	163	24	186	1.85e-74	263	N/A	0
ASV_166	hap5_31192_consensus	95.706	163	7	0	1	163	24	186	1.85e-74	263	N/A	0
ASV_166	hap2_31181_consensus	95.706	163	7	0	1	163	24	186	1.85e-74	263	N/A	0
ASV_166	hap12_33579_consensus	95.732	164	6	1	1	163	24	187	1.85e-74	263	N/A	0
ASV_166	hap11_31157_consensus	95.122	164	7	1	1	163	24	187	8.61e-73	257	N/A	0
ASV_166	hap3_31089_consensus	95.092	163	8	0	1	163	24	186	8.61e-73	257	N/A	0
ASV_166	hap4_31194_consensus	94.479	163	9	0	1	163	24	186	4.01e-71	252	N/A	0
ASV_166	hap10_33268_consensus	94.512	164	8	1	1	163	24	187	4.01e-71	252	N/A	0
ASV_166	hap8_33568_consensus	94.479	163	9	0	1	163	24	186	4.01e-71	252	N/A	0
ASV_166	hap1_33267_consensus	94.479	163	9	0	1	163	24	186	4.01e-71	252	N/A	0
ASV_102	hap3_31089_consensus	99.387	163	1	0	1	163	24	186	1.83e-84	296	N/A	0
ASV_102	hap6_ABLG9500_consensus	98.773	163	2	0	1	163	24	186	8.49e-83	291	N/A	0
ASV_102	hap5_31192_consensus	98.773	163	2	0	1	163	24	186	8.49e-83	291	N/A	0
ASV_102	hap4_31194_consensus	98.773	163	2	0	1	163	24	186	8.49e-83	291	N/A	0
ASV_102	hap2_31181_consensus	98.773	163	2	0	1	163	24	186	8.49e-83	291	N/A	0
ASV_102	hap1_33267_consensus	98.773	163	2	0	1	163	24	186	8.49e-83	291	N/A	0
ASV_102	hap8_33568_consensus	97.546	163	4	0	1	163	24	186	1.84e-79	279	N/A	0
ASV_102	hap7_31214_consensus	96.319	163	6	0	1	163	24	186	3.98e-76	268	N/A	0
ASV_102	hap12_33579_consensus	96.341	164	5	1	1	163	24	187	3.98e-76	268	N/A	0
ASV_102	hap11_31157_consensus	95.732	164	6	1	1	163	24	187	1.85e-74	263	N/A	0
ASV_102	hap10_33268_consensus	95.122	164	7	1	1	163	24	187	8.61e-73	257	N/A	0
ASV_102	hap9_33552_consensus	95.092	163	8	0	1	163	24	186	8.61e-73	257	N/A	0
ASV_041	hap2_31181_consensus	98.780	164	1	1	1	164	24	186	8.55e-83	291	N/A	0
ASV_041	hap3_31089_consensus	98.171	164	2	1	1	164	24	186	3.98e-81	285	N/A	0
ASV_041	hap6_ABLG9500_consensus	97.561	164	3	1	1	164	24	186	1.85e-79	279	N/A	0
ASV_041	hap5_31192_consensus	97.561	164	3	1	1	164	24	186	1.85e-79	279	N/A	0
ASV_041	hap4_31194_consensus	97.561	164	3	1	1	164	24	186	1.85e-79	279	N/A	0
ASV_041	hap1_33267_consensus	97.561	164	3	1	1	164	24	186	1.85e-79	279	N/A	0
ASV_041	hap12_33579_consensus	96.364	165	4	2	1	164	24	187	1.11e-76	270	N/A	0
ASV_041	hap7_31214_consensus	96.341	164	5	1	1	164	24	186	4.00e-76	268	N/A	0
ASV_041	hap8_33568_consensus	96.341	164	5	1	1	164	24	186	4.00e-76	268	N/A	0
ASV_041	hap11_31157_consensus	95.758	165	5	2	1	164	24	187	5.18e-75	265	N/A	0
ASV_041	hap10_33268_consensus	95.152	165	6	2	1	164	24	187	2.41e-73	259	N/A	0
ASV_041	hap9_33552_consensus	95.122	164	7	1	1	164	24	186	8.67e-73	257	N/A	0
ASV_050	hap2_31181_consensus	100.000	163	0	0	1	163	24	186	3.92e-86	302	N/A	0
ASV_050	hap3_31089_consensus	99.387	163	1	0	1	163	24	186	1.83e-84	296	N/A	0
ASV_050	hap6_ABLG9500_consensus	98.773	163	2	0	1	163	24	186	8.49e-83	291	N/A	0
ASV_050	hap5_31192_consensus	98.773	163	2	0	1	163	24	186	8.49e-83	291	N/A	0
ASV_050	hap4_31194_consensus	98.773	163	2	0	1	163	24	186	8.49e-83	291	N/A	0
ASV_050	hap1_33267_consensus	98.773	163	2	0	1	163	24	186	8.49e-83	291	N/A	0
ASV_050	hap8_33568_consensus	97.546	163	4	0	1	163	24	186	1.84e-79	279	N/A	0
ASV_050	hap7_31214_consensus	96.319	163	6	0	1	163	24	186	3.98e-76	268	N/A	0
ASV_050	hap12_33579_consensus	96.341	164	5	1	1	163	24	187	3.98e-76	268	N/A	0
ASV_050	hap9_33552_consensus	96.319	163	6	0	1	163	24	186	3.98e-76	268	N/A	0
ASV_050	hap11_31157_consensus	95.732	164	6	1	1	163	24	187	1.85e-74	263	N/A	0
ASV_050	hap10_33268_consensus	95.122	164	7	1	1	163	24	187	8.61e-73	257	N/A	0
ASV_110	hap12_33579_consensus	95.758	165	5	2	1	164	24	187	5.18e-75	265	N/A	0
ASV_110	hap7_31214_consensus	95.732	164	6	1	1	164	24	186	1.86e-74	263	N/A	0
ASV_110	hap6_ABLG9500_consensus	95.732	164	6	1	1	164	24	186	1.86e-74	263	N/A	0
ASV_110	hap5_31192_consensus	95.732	164	6	1	1	164	24	186	1.86e-74	263	N/A	0
ASV_110	hap9_33552_consensus	95.732	164	6	1	1	164	24	186	1.86e-74	263	N/A	0
ASV_110	hap11_31157_consensus	95.152	165	6	2	1	164	24	187	2.41e-73	259	N/A	0
ASV_110	hap3_31089_consensus	95.122	164	7	1	1	164	24	186	8.67e-73	257	N/A	0
ASV_110	hap10_33268_consensus	94.545	165	7	2	1	164	24	187	1.12e-71	254	N/A	0
ASV_110	hap4_31194_consensus	94.512	164	8	1	1	164	24	186	4.03e-71	252	N/A	0
ASV_110	hap2_31181_consensus	94.512	164	8	1	1	164	24	186	4.03e-71	252	N/A	0
ASV_110	hap8_33568_consensus	94.512	164	8	1	1	164	24	186	4.03e-71	252	N/A	0
ASV_110	hap1_33267_consensus	94.512	164	8	1	1	164	24	186	4.03e-71	252	N/A	0
ASV_038	hap12_33579_consensus	96.364	165	4	2	1	164	24	187	1.11e-76	270	N/A	0
ASV_038	hap7_31214_consensus	96.341	164	5	1	1	164	24	186	4.00e-76	268	N/A	0
ASV_038	hap6_ABLG9500_consensus	96.341	164	5	1	1	164	24	186	4.00e-76	268	N/A	0
ASV_038	hap5_31192_consensus	96.341	164	5	1	1	164	24	186	4.00e-76	268	N/A	0
ASV_038	hap9_33552_consensus	96.341	164	5	1	1	164	24	186	4.00e-76	268	N/A	0
ASV_038	hap11_31157_consensus	95.758	165	5	2	1	164	24	187	5.18e-75	265	N/A	0
ASV_038	hap3_31089_consensus	95.732	164	6	1	1	164	24	186	1.86e-74	263	N/A	0
ASV_038	hap10_33268_consensus	95.152	165	6	2	1	164	24	187	2.41e-73	259	N/A	0
ASV_038	hap4_31194_consensus	95.122	164	7	1	1	164	24	186	8.67e-73	257	N/A	0
ASV_038	hap2_31181_consensus	95.122	164	7	1	1	164	24	186	8.67e-73	257	N/A	0
ASV_038	hap8_33568_consensus	95.122	164	7	1	1	164	24	186	8.67e-73	257	N/A	0
ASV_038	hap1_33267_consensus	95.122	164	7	1	1	164	24	186	8.67e-73	257	N/A	0
ASV_179	hap3_31089_consensus	99.387	163	1	0	1	163	24	186	1.83e-84	296	N/A	0
ASV_179	hap6_ABLG9500_consensus	98.773	163	2	0	1	163	24	186	8.49e-83	291	N/A	0
ASV_179	hap5_31192_consensus	98.773	163	2	0	1	163	24	186	8.49e-83	291	N/A	0
ASV_179	hap4_31194_consensus	98.773	163	2	0	1	163	24	186	8.49e-83	291	N/A	0
ASV_179	hap2_31181_consensus	98.773	163	2	0	1	163	24	186	8.49e-83	291	N/A	0
ASV_179	hap1_33267_consensus	98.773	163	2	0	1	163	24	186	8.49e-83	291	N/A	0
ASV_179	hap8_33568_consensus	97.546	163	4	0	1	163	24	186	1.84e-79	279	N/A	0
ASV_179	hap7_31214_consensus	96.319	163	6	0	1	163	24	186	3.98e-76	268	N/A	0
ASV_179	hap12_33579_consensus	96.341	164	5	1	1	163	24	187	3.98e-76	268	N/A	0
ASV_179	hap11_31157_consensus	95.732	164	6	1	1	163	24	187	1.85e-74	263	N/A	0
ASV_179	hap10_33268_consensus	95.122	164	7	1	1	163	24	187	8.61e-73	257	N/A	0
ASV_179	hap9_33552_consensus	95.092	163	8	0	1	163	24	186	8.61e-73	257	N/A	0
ASV_118	hap4_31194_consensus	99.387	163	1	0	1	163	24	186	1.83e-84	296	N/A	0
ASV_118	hap3_31089_consensus	98.773	163	2	0	1	163	24	186	8.49e-83	291	N/A	0
ASV_118	hap6_ABLG9500_consensus	98.160	163	3	0	1	163	24	186	3.95e-81	285	N/A	0
ASV_118	hap5_31192_consensus	98.160	163	3	0	1	163	24	186	3.95e-81	285	N/A	0
ASV_118	hap2_31181_consensus	98.160	163	3	0	1	163	24	186	3.95e-81	285	N/A	0
ASV_118	hap1_33267_consensus	98.160	163	3	0	1	163	24	186	3.95e-81	285	N/A	0
ASV_118	hap8_33568_consensus	96.933	163	5	0	1	163	24	186	8.55e-78	274	N/A	0
ASV_118	hap7_31214_consensus	95.706	163	7	0	1	163	24	186	1.85e-74	263	N/A	0
ASV_118	hap12_33579_consensus	95.732	164	6	1	1	163	24	187	1.85e-74	263	N/A	0
ASV_118	hap11_31157_consensus	95.122	164	7	1	1	163	24	187	8.61e-73	257	N/A	0
ASV_118	hap10_33268_consensus	94.512	164	8	1	1	163	24	187	4.01e-71	252	N/A	0
ASV_118	hap9_33552_consensus	94.479	163	9	0	1	163	24	186	4.01e-71	252	N/A	0
ASV_114	hap3_31089_consensus	98.773	163	2	0	1	163	24	186	8.49e-83	291	N/A	0
ASV_114	hap6_ABLG9500_consensus	98.160	163	3	0	1	163	24	186	3.95e-81	285	N/A	0
ASV_114	hap5_31192_consensus	98.160	163	3	0	1	163	24	186	3.95e-81	285	N/A	0
ASV_114	hap4_31194_consensus	98.160	163	3	0	1	163	24	186	3.95e-81	285	N/A	0
ASV_114	hap2_31181_consensus	98.160	163	3	0	1	163	24	186	3.95e-81	285	N/A	0
ASV_114	hap1_33267_consensus	98.160	163	3	0	1	163	24	186	3.95e-81	285	N/A	0
ASV_114	hap8_33568_consensus	96.933	163	5	0	1	163	24	186	8.55e-78	274	N/A	0
ASV_114	hap7_31214_consensus	95.706	163	7	0	1	163	24	186	1.85e-74	263	N/A	0
ASV_114	hap12_33579_consensus	95.732	164	6	1	1	163	24	187	1.85e-74	263	N/A	0
ASV_114	hap11_31157_consensus	95.122	164	7	1	1	163	24	187	8.61e-73	257	N/A	0
ASV_114	hap10_33268_consensus	94.512	164	8	1	1	163	24	187	4.01e-71	252	N/A	0
ASV_114	hap9_33552_consensus	94.479	163	9	0	1	163	24	186	4.01e-71	252	N/A	0
ASV_174	hap3_31089_consensus	99.387	163	1	0	1	163	24	186	1.83e-84	296	N/A	0
ASV_174	hap6_ABLG9500_consensus	98.773	163	2	0	1	163	24	186	8.49e-83	291	N/A	0
ASV_174	hap5_31192_consensus	98.773	163	2	0	1	163	24	186	8.49e-83	291	N/A	0
ASV_174	hap4_31194_consensus	98.773	163	2	0	1	163	24	186	8.49e-83	291	N/A	0
ASV_174	hap2_31181_consensus	98.773	163	2	0	1	163	24	186	8.49e-83	291	N/A	0
ASV_174	hap1_33267_consensus	98.773	163	2	0	1	163	24	186	8.49e-83	291	N/A	0
ASV_174	hap8_33568_consensus	98.160	163	3	0	1	163	24	186	3.95e-81	285	N/A	0
ASV_174	hap7_31214_consensus	96.933	163	5	0	1	163	24	186	8.55e-78	274	N/A	0
ASV_174	hap12_33579_consensus	96.951	164	4	1	1	163	24	187	8.55e-78	274	N/A	0
ASV_174	hap11_31157_consensus	96.341	164	5	1	1	163	24	187	3.98e-76	268	N/A	0
ASV_174	hap10_33268_consensus	95.732	164	6	1	1	163	24	187	1.85e-74	263	N/A	0
ASV_174	hap9_33552_consensus	95.706	163	7	0	1	163	24	186	1.85e-74	263	N/A	0
ASV_206	hap1_33267_consensus	98.773	163	2	0	1	163	24	186	8.49e-83	291	N/A	0
ASV_206	hap3_31089_consensus	98.160	163	3	0	1	163	24	186	3.95e-81	285	N/A	0
ASV_206	hap8_33568_consensus	98.160	163	3	0	1	163	24	186	3.95e-81	285	N/A	0
ASV_206	hap6_ABLG9500_consensus	97.546	163	4	0	1	163	24	186	1.84e-79	279	N/A	0
ASV_206	hap5_31192_consensus	97.546	163	4	0	1	163	24	186	1.84e-79	279	N/A	0
ASV_206	hap4_31194_consensus	97.546	163	4	0	1	163	24	186	1.84e-79	279	N/A	0
ASV_206	hap2_31181_consensus	97.546	163	4	0	1	163	24	186	1.84e-79	279	N/A	0
ASV_206	hap7_31214_consensus	96.341	164	4	2	1	163	24	186	3.98e-76	268	N/A	0
ASV_206	hap12_33579_consensus	95.732	164	6	1	1	163	24	187	1.85e-74	263	N/A	0
ASV_206	hap11_31157_consensus	95.122	164	7	1	1	163	24	187	8.61e-73	257	N/A	0
ASV_206	hap10_33268_consensus	95.152	165	5	3	1	163	24	187	8.61e-73	257	N/A	0
ASV_206	hap9_33552_consensus	94.545	165	5	4	1	163	24	186	4.01e-71	252	N/A	0
ASV_052	hap1_33267_consensus	99.387	163	1	0	1	163	24	186	1.83e-84	296	N/A	0
ASV_052	hap3_31089_consensus	98.773	163	2	0	1	163	24	186	8.49e-83	291	N/A	0
ASV_052	hap8_33568_consensus	98.773	163	2	0	1	163	24	186	8.49e-83	291	N/A	0
ASV_052	hap6_ABLG9500_consensus	98.160	163	3	0	1	163	24	186	3.95e-81	285	N/A	0
ASV_052	hap5_31192_consensus	98.160	163	3	0	1	163	24	186	3.95e-81	285	N/A	0
ASV_052	hap4_31194_consensus	98.160	163	3	0	1	163	24	186	3.95e-81	285	N/A	0
ASV_052	hap2_31181_consensus	98.160	163	3	0	1	163	24	186	3.95e-81	285	N/A	0
ASV_052	hap7_31214_consensus	96.951	164	3	2	1	163	24	186	8.55e-78	274	N/A	0
ASV_052	hap12_33579_consensus	96.341	164	5	1	1	163	24	187	3.98e-76	268	N/A	0
ASV_052	hap11_31157_consensus	95.732	164	6	1	1	163	24	187	1.85e-74	263	N/A	0
ASV_052	hap10_33268_consensus	95.758	165	4	3	1	163	24	187	1.85e-74	263	N/A	0
ASV_052	hap9_33552_consensus	95.152	165	4	4	1	163	24	186	8.61e-73	257	N/A	0
ASV_199	hap3_31089_consensus	99.387	163	1	0	1	163	24	186	1.83e-84	296	N/A	0
ASV_199	hap1_33267_consensus	99.387	163	1	0	1	163	24	186	1.83e-84	296	N/A	0
ASV_199	hap6_ABLG9500_consensus	98.773	163	2	0	1	163	24	186	8.49e-83	291	N/A	0
ASV_199	hap5_31192_consensus	98.773	163	2	0	1	163	24	186	8.49e-83	291	N/A	0
ASV_199	hap4_31194_consensus	98.773	163	2	0	1	163	24	186	8.49e-83	291	N/A	0
ASV_199	hap2_31181_consensus	98.773	163	2	0	1	163	24	186	8.49e-83	291	N/A	0
ASV_199	hap8_33568_consensus	98.160	163	3	0	1	163	24	186	3.95e-81	285	N/A	0
ASV_199	hap7_31214_consensus	97.561	164	2	2	1	163	24	186	1.84e-79	279	N/A	0
ASV_199	hap12_33579_consensus	96.970	165	2	3	1	163	24	187	8.55e-78	274	N/A	0
ASV_199	hap11_31157_consensus	96.364	165	3	3	1	163	24	187	3.98e-76	268	N/A	0
ASV_199	hap10_33268_consensus	96.364	165	3	3	1	163	24	187	3.98e-76	268	N/A	0
ASV_199	hap9_33552_consensus	95.732	164	5	2	1	163	24	186	1.85e-74	263	N/A	0
ASV_006	hap6_ABLG9500_consensus	100.000	163	0	0	1	163	24	186	3.92e-86	302	N/A	0
ASV_006	hap3_31089_consensus	99.387	163	1	0	1	163	24	186	1.83e-84	296	N/A	0
ASV_006	hap5_31192_consensus	98.773	163	2	0	1	163	24	186	8.49e-83	291	N/A	0
ASV_006	hap4_31194_consensus	98.773	163	2	0	1	163	24	186	8.49e-83	291	N/A	0
ASV_006	hap2_31181_consensus	98.773	163	2	0	1	163	24	186	8.49e-83	291	N/A	0
ASV_006	hap1_33267_consensus	98.773	163	2	0	1	163	24	186	8.49e-83	291	N/A	0
ASV_006	hap7_31214_consensus	97.546	163	4	0	1	163	24	186	1.84e-79	279	N/A	0
ASV_006	hap12_33579_consensus	97.561	164	3	1	1	163	24	187	1.84e-79	279	N/A	0
ASV_006	hap8_33568_consensus	97.546	163	4	0	1	163	24	186	1.84e-79	279	N/A	0
ASV_006	hap11_31157_consensus	96.951	164	4	1	1	163	24	187	8.55e-78	274	N/A	0
ASV_006	hap10_33268_consensus	96.341	164	5	1	1	163	24	187	3.98e-76	268	N/A	0
ASV_006	hap9_33552_consensus	96.319	163	6	0	1	163	24	186	3.98e-76	268	N/A	0
ASV_146	hap3_31089_consensus	99.387	163	1	0	1	163	24	186	1.83e-84	296	N/A	0
ASV_146	hap6_ABLG9500_consensus	98.773	163	2	0	1	163	24	186	8.49e-83	291	N/A	0
ASV_146	hap5_31192_consensus	98.773	163	2	0	1	163	24	186	8.49e-83	291	N/A	0
ASV_146	hap4_31194_consensus	98.773	163	2	0	1	163	24	186	8.49e-83	291	N/A	0
ASV_146	hap2_31181_consensus	98.773	163	2	0	1	163	24	186	8.49e-83	291	N/A	0
ASV_146	hap1_33267_consensus	98.773	163	2	0	1	163	24	186	8.49e-83	291	N/A	0
ASV_146	hap8_33568_consensus	97.546	163	4	0	1	163	24	186	1.84e-79	279	N/A	0
ASV_146	hap7_31214_consensus	96.319	163	6	0	1	163	24	186	3.98e-76	268	N/A	0
ASV_146	hap12_33579_consensus	96.341	164	5	1	1	163	24	187	3.98e-76	268	N/A	0
ASV_146	hap11_31157_consensus	95.732	164	6	1	1	163	24	187	1.85e-74	263	N/A	0
ASV_146	hap10_33268_consensus	95.122	164	7	1	1	163	24	187	8.61e-73	257	N/A	0
ASV_146	hap9_33552_consensus	95.092	163	8	0	1	163	24	186	8.61e-73	257	N/A	0
ASV_207	hap3_31089_consensus	99.387	163	1	0	1	163	24	186	1.83e-84	296	N/A	0
ASV_207	hap6_ABLG9500_consensus	98.773	163	2	0	1	163	24	186	8.49e-83	291	N/A	0
ASV_207	hap5_31192_consensus	98.773	163	2	0	1	163	24	186	8.49e-83	291	N/A	0
ASV_207	hap4_31194_consensus	98.773	163	2	0	1	163	24	186	8.49e-83	291	N/A	0
ASV_207	hap2_31181_consensus	98.773	163	2	0	1	163	24	186	8.49e-83	291	N/A	0
ASV_207	hap1_33267_consensus	98.773	163	2	0	1	163	24	186	8.49e-83	291	N/A	0
ASV_207	hap8_33568_consensus	97.546	163	4	0	1	163	24	186	1.84e-79	279	N/A	0
ASV_207	hap7_31214_consensus	96.319	163	6	0	1	163	24	186	3.98e-76	268	N/A	0
ASV_207	hap12_33579_consensus	96.341	164	5	1	1	163	24	187	3.98e-76	268	N/A	0
ASV_207	hap11_31157_consensus	95.732	164	6	1	1	163	24	187	1.85e-74	263	N/A	0
ASV_207	hap10_33268_consensus	95.122	164	7	1	1	163	24	187	8.61e-73	257	N/A	0
ASV_207	hap9_33552_consensus	95.092	163	8	0	1	163	24	186	8.61e-73	257	N/A	0
ASV_009	hap3_31089_consensus	99.387	163	1	0	1	163	24	186	1.83e-84	296	N/A	0
ASV_009	hap6_ABLG9500_consensus	98.773	163	2	0	1	163	24	186	8.49e-83	291	N/A	0
ASV_009	hap5_31192_consensus	98.773	163	2	0	1	163	24	186	8.49e-83	291	N/A	0
ASV_009	hap4_31194_consensus	98.773	163	2	0	1	163	24	186	8.49e-83	291	N/A	0
ASV_009	hap2_31181_consensus	98.773	163	2	0	1	163	24	186	8.49e-83	291	N/A	0
ASV_009	hap1_33267_consensus	98.773	163	2	0	1	163	24	186	8.49e-83	291	N/A	0
ASV_009	hap8_33568_consensus	97.546	163	4	0	1	163	24	186	1.84e-79	279	N/A	0
ASV_009	hap7_31214_consensus	96.319	163	6	0	1	163	24	186	3.98e-76	268	N/A	0
ASV_009	hap12_33579_consensus	96.341	164	5	1	1	163	24	187	3.98e-76	268	N/A	0
ASV_009	hap11_31157_consensus	95.732	164	6	1	1	163	24	187	1.85e-74	263	N/A	0
ASV_009	hap10_33268_consensus	95.122	164	7	1	1	163	24	187	8.61e-73	257	N/A	0
ASV_009	hap9_33552_consensus	95.092	163	8	0	1	163	24	186	8.61e-73	257	N/A	0
ASV_028	hap4_31194_consensus	100.000	163	0	0	1	163	24	186	3.92e-86	302	N/A	0
ASV_028	hap3_31089_consensus	99.387	163	1	0	1	163	24	186	1.83e-84	296	N/A	0
ASV_028	hap6_ABLG9500_consensus	98.773	163	2	0	1	163	24	186	8.49e-83	291	N/A	0
ASV_028	hap5_31192_consensus	98.773	163	2	0	1	163	24	186	8.49e-83	291	N/A	0
ASV_028	hap2_31181_consensus	98.773	163	2	0	1	163	24	186	8.49e-83	291	N/A	0
ASV_028	hap1_33267_consensus	98.773	163	2	0	1	163	24	186	8.49e-83	291	N/A	0
ASV_028	hap8_33568_consensus	97.546	163	4	0	1	163	24	186	1.84e-79	279	N/A	0
ASV_028	hap7_31214_consensus	96.319	163	6	0	1	163	24	186	3.98e-76	268	N/A	0
ASV_028	hap12_33579_consensus	96.341	164	5	1	1	163	24	187	3.98e-76	268	N/A	0
ASV_028	hap11_31157_consensus	95.732	164	6	1	1	163	24	187	1.85e-74	263	N/A	0
ASV_028	hap10_33268_consensus	95.122	164	7	1	1	163	24	187	8.61e-73	257	N/A	0
ASV_028	hap9_33552_consensus	95.092	163	8	0	1	163	24	186	8.61e-73	257	N/A	0
ASV_002	hap3_31089_consensus	100.000	163	0	0	1	163	24	186	3.92e-86	302	N/A	0
ASV_002	hap6_ABLG9500_consensus	99.387	163	1	0	1	163	24	186	1.83e-84	296	N/A	0
ASV_002	hap5_31192_consensus	99.387	163	1	0	1	163	24	186	1.83e-84	296	N/A	0
ASV_002	hap4_31194_consensus	99.387	163	1	0	1	163	24	186	1.83e-84	296	N/A	0
ASV_002	hap2_31181_consensus	99.387	163	1	0	1	163	24	186	1.83e-84	296	N/A	0
ASV_002	hap1_33267_consensus	99.387	163	1	0	1	163	24	186	1.83e-84	296	N/A	0
ASV_002	hap8_33568_consensus	98.160	163	3	0	1	163	24	186	3.95e-81	285	N/A	0
ASV_002	hap7_31214_consensus	96.933	163	5	0	1	163	24	186	8.55e-78	274	N/A	0
ASV_002	hap12_33579_consensus	96.951	164	4	1	1	163	24	187	8.55e-78	274	N/A	0
ASV_002	hap11_31157_consensus	96.341	164	5	1	1	163	24	187	3.98e-76	268	N/A	0
ASV_002	hap10_33268_consensus	95.732	164	6	1	1	163	24	187	1.85e-74	263	N/A	0
ASV_002	hap9_33552_consensus	95.706	163	7	0	1	163	24	186	1.85e-74	263	N/A	0
ASV_192	hap3_31089_consensus	99.387	163	1	0	1	163	24	186	1.83e-84	296	N/A	0
ASV_192	hap6_ABLG9500_consensus	98.773	163	2	0	1	163	24	186	8.49e-83	291	N/A	0
ASV_192	hap5_31192_consensus	98.773	163	2	0	1	163	24	186	8.49e-83	291	N/A	0
ASV_192	hap4_31194_consensus	98.773	163	2	0	1	163	24	186	8.49e-83	291	N/A	0
ASV_192	hap2_31181_consensus	98.773	163	2	0	1	163	24	186	8.49e-83	291	N/A	0
ASV_192	hap1_33267_consensus	98.773	163	2	0	1	163	24	186	8.49e-83	291	N/A	0
ASV_192	hap8_33568_consensus	97.546	163	4	0	1	163	24	186	1.84e-79	279	N/A	0
ASV_192	hap7_31214_consensus	96.319	163	6	0	1	163	24	186	3.98e-76	268	N/A	0
ASV_192	hap12_33579_consensus	96.341	164	5	1	1	163	24	187	3.98e-76	268	N/A	0
ASV_192	hap11_31157_consensus	95.732	164	6	1	1	163	24	187	1.85e-74	263	N/A	0
ASV_192	hap10_33268_consensus	95.122	164	7	1	1	163	24	187	8.61e-73	257	N/A	0
ASV_192	hap9_33552_consensus	95.092	163	8	0	1	163	24	186	8.61e-73	257	N/A	0
ASV_100	hap4_31194_consensus	99.387	163	1	0	1	163	24	186	1.83e-84	296	N/A	0
ASV_100	hap3_31089_consensus	98.773	163	2	0	1	163	24	186	8.49e-83	291	N/A	0
ASV_100	hap6_ABLG9500_consensus	98.160	163	3	0	1	163	24	186	3.95e-81	285	N/A	0
ASV_100	hap5_31192_consensus	98.160	163	3	0	1	163	24	186	3.95e-81	285	N/A	0
ASV_100	hap2_31181_consensus	98.160	163	3	0	1	163	24	186	3.95e-81	285	N/A	0
ASV_100	hap1_33267_consensus	98.160	163	3	0	1	163	24	186	3.95e-81	285	N/A	0
ASV_100	hap8_33568_consensus	96.933	163	5	0	1	163	24	186	8.55e-78	274	N/A	0
ASV_100	hap11_31157_consensus	96.341	164	5	1	1	163	24	187	3.98e-76	268	N/A	0
ASV_100	hap7_31214_consensus	95.706	163	7	0	1	163	24	186	1.85e-74	263	N/A	0
ASV_100	hap12_33579_consensus	95.732	164	6	1	1	163	24	187	1.85e-74	263	N/A	0
ASV_100	hap10_33268_consensus	95.732	164	6	1	1	163	24	187	1.85e-74	263	N/A	0
ASV_100	hap9_33552_consensus	94.479	163	9	0	1	163	24	186	4.01e-71	252	N/A	0
ASV_120	hap3_31089_consensus	99.387	163	1	0	1	163	24	186	1.83e-84	296	N/A	0
ASV_120	hap6_ABLG9500_consensus	98.773	163	2	0	1	163	24	186	8.49e-83	291	N/A	0
ASV_120	hap5_31192_consensus	98.773	163	2	0	1	163	24	186	8.49e-83	291	N/A	0
ASV_120	hap4_31194_consensus	98.773	163	2	0	1	163	24	186	8.49e-83	291	N/A	0
ASV_120	hap2_31181_consensus	98.773	163	2	0	1	163	24	186	8.49e-83	291	N/A	0
ASV_120	hap1_33267_consensus	98.773	163	2	0	1	163	24	186	8.49e-83	291	N/A	0
ASV_120	hap8_33568_consensus	97.546	163	4	0	1	163	24	186	1.84e-79	279	N/A	0
ASV_120	hap7_31214_consensus	96.319	163	6	0	1	163	24	186	3.98e-76	268	N/A	0
ASV_120	hap12_33579_consensus	96.341	164	5	1	1	163	24	187	3.98e-76	268	N/A	0
ASV_120	hap11_31157_consensus	95.732	164	6	1	1	163	24	187	1.85e-74	263	N/A	0
ASV_120	hap10_33268_consensus	95.122	164	7	1	1	163	24	187	8.61e-73	257	N/A	0
ASV_120	hap9_33552_consensus	95.092	163	8	0	1	163	24	186	8.61e-73	257	N/A	0
ASV_090	hap5_31192_consensus	100.000	163	0	0	1	163	24	186	3.92e-86	302	N/A	0
ASV_090	hap3_31089_consensus	99.387	163	1	0	1	163	24	186	1.83e-84	296	N/A	0
ASV_090	hap6_ABLG9500_consensus	98.773	163	2	0	1	163	24	186	8.49e-83	291	N/A	0
ASV_090	hap4_31194_consensus	98.773	163	2	0	1	163	24	186	8.49e-83	291	N/A	0
ASV_090	hap2_31181_consensus	98.773	163	2	0	1	163	24	186	8.49e-83	291	N/A	0
ASV_090	hap1_33267_consensus	98.773	163	2	0	1	163	24	186	8.49e-83	291	N/A	0
ASV_090	hap7_31214_consensus	97.546	163	4	0	1	163	24	186	1.84e-79	279	N/A	0
ASV_090	hap12_33579_consensus	97.561	164	3	1	1	163	24	187	1.84e-79	279	N/A	0
ASV_090	hap8_33568_consensus	97.546	163	4	0	1	163	24	186	1.84e-79	279	N/A	0
ASV_090	hap11_31157_consensus	96.951	164	4	1	1	163	24	187	8.55e-78	274	N/A	0
ASV_090	hap10_33268_consensus	96.341	164	5	1	1	163	24	187	3.98e-76	268	N/A	0
ASV_090	hap9_33552_consensus	96.319	163	6	0	1	163	24	186	3.98e-76	268	N/A	0
ASV_011	hap1_33267_consensus	100.000	163	0	0	1	163	24	186	3.92e-86	302	N/A	0
ASV_011	hap3_31089_consensus	99.387	163	1	0	1	163	24	186	1.83e-84	296	N/A	0
ASV_011	hap6_ABLG9500_consensus	98.773	163	2	0	1	163	24	186	8.49e-83	291	N/A	0
ASV_011	hap5_31192_consensus	98.773	163	2	0	1	163	24	186	8.49e-83	291	N/A	0
ASV_011	hap4_31194_consensus	98.773	163	2	0	1	163	24	186	8.49e-83	291	N/A	0
ASV_011	hap2_31181_consensus	98.773	163	2	0	1	163	24	186	8.49e-83	291	N/A	0
ASV_011	hap8_33568_consensus	98.773	163	2	0	1	163	24	186	8.49e-83	291	N/A	0
ASV_011	hap7_31214_consensus	96.951	164	3	2	1	163	24	186	8.55e-78	274	N/A	0
ASV_011	hap12_33579_consensus	96.341	164	5	1	1	163	24	187	3.98e-76	268	N/A	0
ASV_011	hap11_31157_consensus	95.732	164	6	1	1	163	24	187	1.85e-74	263	N/A	0
ASV_011	hap10_33268_consensus	95.758	165	4	3	1	163	24	187	1.85e-74	263	N/A	0
ASV_011	hap9_33552_consensus	95.092	163	8	0	1	163	24	186	8.61e-73	257	N/A	0
ASV_258	hap1_33267_consensus	99.387	163	1	0	1	163	24	186	1.83e-84	296	N/A	0
ASV_258	hap3_31089_consensus	98.773	163	2	0	1	163	24	186	8.49e-83	291	N/A	0
ASV_258	hap6_ABLG9500_consensus	98.160	163	3	0	1	163	24	186	3.95e-81	285	N/A	0
ASV_258	hap5_31192_consensus	98.160	163	3	0	1	163	24	186	3.95e-81	285	N/A	0
ASV_258	hap4_31194_consensus	98.160	163	3	0	1	163	24	186	3.95e-81	285	N/A	0
ASV_258	hap2_31181_consensus	98.160	163	3	0	1	163	24	186	3.95e-81	285	N/A	0
ASV_258	hap8_33568_consensus	98.160	163	3	0	1	163	24	186	3.95e-81	285	N/A	0
ASV_258	hap7_31214_consensus	96.341	164	4	2	1	163	24	186	3.98e-76	268	N/A	0
ASV_258	hap12_33579_consensus	95.732	164	6	1	1	163	24	187	1.85e-74	263	N/A	0
ASV_258	hap11_31157_consensus	95.122	164	7	1	1	163	24	187	8.61e-73	257	N/A	0
ASV_258	hap10_33268_consensus	95.152	165	5	3	1	163	24	187	8.61e-73	257	N/A	0
ASV_258	hap9_33552_consensus	94.479	163	9	0	1	163	24	186	4.01e-71	252	N/A	0
ASV_307	hap1_33267_consensus	99.387	163	1	0	1	163	24	186	1.83e-84	296	N/A	0
ASV_307	hap3_31089_consensus	98.773	163	2	0	1	163	24	186	8.49e-83	291	N/A	0
ASV_307	hap6_ABLG9500_consensus	98.160	163	3	0	1	163	24	186	3.95e-81	285	N/A	0
ASV_307	hap5_31192_consensus	98.160	163	3	0	1	163	24	186	3.95e-81	285	N/A	0
ASV_307	hap4_31194_consensus	98.160	163	3	0	1	163	24	186	3.95e-81	285	N/A	0
ASV_307	hap2_31181_consensus	98.160	163	3	0	1	163	24	186	3.95e-81	285	N/A	0
ASV_307	hap8_33568_consensus	98.160	163	3	0	1	163	24	186	3.95e-81	285	N/A	0
ASV_307	hap7_31214_consensus	96.341	164	4	2	1	163	24	186	3.98e-76	268	N/A	0
ASV_307	hap12_33579_consensus	95.732	164	6	1	1	163	24	187	1.85e-74	263	N/A	0
ASV_307	hap11_31157_consensus	95.122	164	7	1	1	163	24	187	8.61e-73	257	N/A	0
ASV_307	hap10_33268_consensus	95.152	165	5	3	1	163	24	187	8.61e-73	257	N/A	0
ASV_307	hap9_33552_consensus	94.479	163	9	0	1	163	24	186	4.01e-71	252	N/A	0
ASV_044	hap3_31089_consensus	99.387	163	1	0	1	163	24	186	1.83e-84	296	N/A	0
ASV_044	hap6_ABLG9500_consensus	98.773	163	2	0	1	163	24	186	8.49e-83	291	N/A	0
ASV_044	hap5_31192_consensus	98.773	163	2	0	1	163	24	186	8.49e-83	291	N/A	0
ASV_044	hap4_31194_consensus	98.773	163	2	0	1	163	24	186	8.49e-83	291	N/A	0
ASV_044	hap2_31181_consensus	98.773	163	2	0	1	163	24	186	8.49e-83	291	N/A	0
ASV_044	hap1_33267_consensus	98.773	163	2	0	1	163	24	186	8.49e-83	291	N/A	0
ASV_044	hap8_33568_consensus	97.546	163	4	0	1	163	24	186	1.84e-79	279	N/A	0
ASV_044	hap7_31214_consensus	96.319	163	6	0	1	163	24	186	3.98e-76	268	N/A	0
ASV_044	hap12_33579_consensus	96.341	164	5	1	1	163	24	187	3.98e-76	268	N/A	0
ASV_044	hap11_31157_consensus	95.732	164	6	1	1	163	24	187	1.85e-74	263	N/A	0
ASV_044	hap9_33552_consensus	95.706	163	7	0	1	163	24	186	1.85e-74	263	N/A	0
ASV_044	hap10_33268_consensus	95.122	164	7	1	1	163	24	187	8.61e-73	257	N/A	0
ASV_300	hap3_31089_consensus	99.387	163	1	0	1	163	24	186	1.83e-84	296	N/A	0
ASV_300	hap6_ABLG9500_consensus	98.773	163	2	0	1	163	24	186	8.49e-83	291	N/A	0
ASV_300	hap5_31192_consensus	98.773	163	2	0	1	163	24	186	8.49e-83	291	N/A	0
ASV_300	hap4_31194_consensus	98.773	163	2	0	1	163	24	186	8.49e-83	291	N/A	0
ASV_300	hap2_31181_consensus	98.773	163	2	0	1	163	24	186	8.49e-83	291	N/A	0
ASV_300	hap1_33267_consensus	98.773	163	2	0	1	163	24	186	8.49e-83	291	N/A	0
ASV_300	hap8_33568_consensus	97.546	163	4	0	1	163	24	186	1.84e-79	279	N/A	0
ASV_300	hap7_31214_consensus	96.319	163	6	0	1	163	24	186	3.98e-76	268	N/A	0
ASV_300	hap12_33579_consensus	96.341	164	5	1	1	163	24	187	3.98e-76	268	N/A	0
ASV_300	hap11_31157_consensus	95.732	164	6	1	1	163	24	187	1.85e-74	263	N/A	0
ASV_300	hap10_33268_consensus	95.122	164	7	1	1	163	24	187	8.61e-73	257	N/A	0
ASV_300	hap9_33552_consensus	95.092	163	8	0	1	163	24	186	8.61e-73	257	N/A	0
ASV_286	hap6_ABLG9500_consensus	98.773	163	2	0	1	163	24	186	8.49e-83	291	N/A	0
ASV_286	hap3_31089_consensus	98.160	163	3	0	1	163	24	186	3.95e-81	285	N/A	0
ASV_286	hap5_31192_consensus	97.546	163	4	0	1	163	24	186	1.84e-79	279	N/A	0
ASV_286	hap4_31194_consensus	97.546	163	4	0	1	163	24	186	1.84e-79	279	N/A	0
ASV_286	hap2_31181_consensus	97.546	163	4	0	1	163	24	186	1.84e-79	279	N/A	0
ASV_286	hap1_33267_consensus	97.546	163	4	0	1	163	24	186	1.84e-79	279	N/A	0
ASV_286	hap7_31214_consensus	96.319	163	6	0	1	163	24	186	3.98e-76	268	N/A	0
ASV_286	hap12_33579_consensus	96.341	164	5	1	1	163	24	187	3.98e-76	268	N/A	0
ASV_286	hap9_33552_consensus	96.319	163	6	0	1	163	24	186	3.98e-76	268	N/A	0
ASV_286	hap8_33568_consensus	96.319	163	6	0	1	163	24	186	3.98e-76	268	N/A	0
ASV_286	hap11_31157_consensus	95.732	164	6	1	1	163	24	187	1.85e-74	263	N/A	0
ASV_286	hap10_33268_consensus	95.122	164	7	1	1	163	24	187	8.61e-73	257	N/A	0
ASV_137	hap3_31089_consensus	99.387	163	1	0	1	163	24	186	1.83e-84	296	N/A	0
ASV_137	hap6_ABLG9500_consensus	98.773	163	2	0	1	163	24	186	8.49e-83	291	N/A	0
ASV_137	hap5_31192_consensus	98.773	163	2	0	1	163	24	186	8.49e-83	291	N/A	0
ASV_137	hap4_31194_consensus	98.773	163	2	0	1	163	24	186	8.49e-83	291	N/A	0
ASV_137	hap2_31181_consensus	98.773	163	2	0	1	163	24	186	8.49e-83	291	N/A	0
ASV_137	hap1_33267_consensus	98.773	163	2	0	1	163	24	186	8.49e-83	291	N/A	0
ASV_137	hap8_33568_consensus	97.546	163	4	0	1	163	24	186	1.84e-79	279	N/A	0
ASV_137	hap7_31214_consensus	96.319	163	6	0	1	163	24	186	3.98e-76	268	N/A	0
ASV_137	hap12_33579_consensus	96.341	164	5	1	1	163	24	187	3.98e-76	268	N/A	0
ASV_137	hap11_31157_consensus	95.732	164	6	1	1	163	24	187	1.85e-74	263	N/A	0
ASV_137	hap10_33268_consensus	95.122	164	7	1	1	163	24	187	8.61e-73	257	N/A	0
ASV_137	hap9_33552_consensus	95.092	163	8	0	1	163	24	186	8.61e-73	257	N/A	0
ASV_243	hap3_31089_consensus	98.773	163	2	0	1	163	24	186	8.49e-83	291	N/A	0
ASV_243	hap6_ABLG9500_consensus	98.160	163	3	0	1	163	24	186	3.95e-81	285	N/A	0
ASV_243	hap5_31192_consensus	98.160	163	3	0	1	163	24	186	3.95e-81	285	N/A	0
ASV_243	hap4_31194_consensus	98.160	163	3	0	1	163	24	186	3.95e-81	285	N/A	0
ASV_243	hap2_31181_consensus	98.160	163	3	0	1	163	24	186	3.95e-81	285	N/A	0
ASV_243	hap1_33267_consensus	98.160	163	3	0	1	163	24	186	3.95e-81	285	N/A	0
ASV_243	hap8_33568_consensus	97.546	163	4	0	1	163	24	186	1.84e-79	279	N/A	0
ASV_243	hap7_31214_consensus	96.319	163	6	0	1	163	24	186	3.98e-76	268	N/A	0
ASV_243	hap12_33579_consensus	96.341	164	5	1	1	163	24	187	3.98e-76	268	N/A	0
ASV_243	hap11_31157_consensus	95.732	164	6	1	1	163	24	187	1.85e-74	263	N/A	0
ASV_243	hap10_33268_consensus	95.122	164	7	1	1	163	24	187	8.61e-73	257	N/A	0
ASV_243	hap9_33552_consensus	95.092	163	8	0	1	163	24	186	8.61e-73	257	N/A	0
ASV_010	hap3_31089_consensus	99.387	163	1	0	1	163	24	186	1.83e-84	296	N/A	0
ASV_010	hap6_ABLG9500_consensus	98.773	163	2	0	1	163	24	186	8.49e-83	291	N/A	0
ASV_010	hap5_31192_consensus	98.773	163	2	0	1	163	24	186	8.49e-83	291	N/A	0
ASV_010	hap4_31194_consensus	98.773	163	2	0	1	163	24	186	8.49e-83	291	N/A	0
ASV_010	hap2_31181_consensus	98.773	163	2	0	1	163	24	186	8.49e-83	291	N/A	0
ASV_010	hap1_33267_consensus	98.773	163	2	0	1	163	24	186	8.49e-83	291	N/A	0
ASV_010	hap8_33568_consensus	98.160	163	3	0	1	163	24	186	3.95e-81	285	N/A	0
ASV_010	hap7_31214_consensus	96.933	163	5	0	1	163	24	186	8.55e-78	274	N/A	0
ASV_010	hap12_33579_consensus	96.951	164	4	1	1	163	24	187	8.55e-78	274	N/A	0
ASV_010	hap11_31157_consensus	96.341	164	5	1	1	163	24	187	3.98e-76	268	N/A	0
ASV_010	hap10_33268_consensus	95.732	164	6	1	1	163	24	187	1.85e-74	263	N/A	0
ASV_010	hap9_33552_consensus	95.706	163	7	0	1	163	24	186	1.85e-74	263	N/A	0
ASV_281	hap3_31089_consensus	98.773	163	2	0	1	163	24	186	8.49e-83	291	N/A	0
ASV_281	hap6_ABLG9500_consensus	98.160	163	3	0	1	163	24	186	3.95e-81	285	N/A	0
ASV_281	hap5_31192_consensus	98.160	163	3	0	1	163	24	186	3.95e-81	285	N/A	0
ASV_281	hap4_31194_consensus	98.160	163	3	0	1	163	24	186	3.95e-81	285	N/A	0
ASV_281	hap2_31181_consensus	98.160	163	3	0	1	163	24	186	3.95e-81	285	N/A	0
ASV_281	hap1_33267_consensus	98.160	163	3	0	1	163	24	186	3.95e-81	285	N/A	0
ASV_281	hap8_33568_consensus	97.546	163	4	0	1	163	24	186	1.84e-79	279	N/A	0
ASV_281	hap7_31214_consensus	96.319	163	6	0	1	163	24	186	3.98e-76	268	N/A	0
ASV_281	hap12_33579_consensus	96.341	164	5	1	1	163	24	187	3.98e-76	268	N/A	0
ASV_281	hap11_31157_consensus	95.732	164	6	1	1	163	24	187	1.85e-74	263	N/A	0
ASV_281	hap10_33268_consensus	95.122	164	7	1	1	163	24	187	8.61e-73	257	N/A	0
ASV_281	hap9_33552_consensus	95.092	163	8	0	1	163	24	186	8.61e-73	257	N/A	0
ASV_265	hap3_31089_consensus	99.387	163	1	0	1	163	24	186	1.83e-84	296	N/A	0
ASV_265	hap6_ABLG9500_consensus	98.773	163	2	0	1	163	24	186	8.49e-83	291	N/A	0
ASV_265	hap5_31192_consensus	98.773	163	2	0	1	163	24	186	8.49e-83	291	N/A	0
ASV_265	hap4_31194_consensus	98.773	163	2	0	1	163	24	186	8.49e-83	291	N/A	0
ASV_265	hap2_31181_consensus	98.773	163	2	0	1	163	24	186	8.49e-83	291	N/A	0
ASV_265	hap8_33568_consensus	98.773	163	2	0	1	163	24	186	8.49e-83	291	N/A	0
ASV_265	hap1_33267_consensus	98.773	163	2	0	1	163	24	186	8.49e-83	291	N/A	0
ASV_265	hap7_31214_consensus	97.546	163	4	0	1	163	24	186	1.84e-79	279	N/A	0
ASV_265	hap12_33579_consensus	97.561	164	3	1	1	163	24	187	1.84e-79	279	N/A	0
ASV_265	hap11_31157_consensus	96.951	164	4	1	1	163	24	187	8.55e-78	274	N/A	0
ASV_265	hap10_33268_consensus	96.341	164	5	1	1	163	24	187	3.98e-76	268	N/A	0
ASV_265	hap9_33552_consensus	96.319	163	6	0	1	163	24	186	3.98e-76	268	N/A	0
ASV_136	hap7_31214_consensus	97.546	163	4	0	1	163	24	186	1.84e-79	279	N/A	0
ASV_136	hap6_ABLG9500_consensus	97.546	163	4	0	1	163	24	186	1.84e-79	279	N/A	0
ASV_136	hap5_31192_consensus	97.546	163	4	0	1	163	24	186	1.84e-79	279	N/A	0
ASV_136	hap12_33579_consensus	97.561	164	3	1	1	163	24	187	1.84e-79	279	N/A	0
ASV_136	hap9_33552_consensus	97.546	163	4	0	1	163	24	186	1.84e-79	279	N/A	0
ASV_136	hap11_31157_consensus	96.951	164	4	1	1	163	24	187	8.55e-78	274	N/A	0
ASV_136	hap3_31089_consensus	96.933	163	5	0	1	163	24	186	8.55e-78	274	N/A	0
ASV_136	hap4_31194_consensus	96.319	163	6	0	1	163	24	186	3.98e-76	268	N/A	0
ASV_136	hap2_31181_consensus	96.319	163	6	0	1	163	24	186	3.98e-76	268	N/A	0
ASV_136	hap10_33268_consensus	96.341	164	5	1	1	163	24	187	3.98e-76	268	N/A	0
ASV_136	hap8_33568_consensus	96.319	163	6	0	1	163	24	186	3.98e-76	268	N/A	0
ASV_136	hap1_33267_consensus	96.319	163	6	0	1	163	24	186	3.98e-76	268	N/A	0
ASV_087	hap3_31089_consensus	99.387	163	1	0	1	163	24	186	1.83e-84	296	N/A	0
ASV_087	hap6_ABLG9500_consensus	98.773	163	2	0	1	163	24	186	8.49e-83	291	N/A	0
ASV_087	hap5_31192_consensus	98.773	163	2	0	1	163	24	186	8.49e-83	291	N/A	0
ASV_087	hap4_31194_consensus	98.773	163	2	0	1	163	24	186	8.49e-83	291	N/A	0
ASV_087	hap2_31181_consensus	98.773	163	2	0	1	163	24	186	8.49e-83	291	N/A	0
ASV_087	hap1_33267_consensus	98.773	163	2	0	1	163	24	186	8.49e-83	291	N/A	0
ASV_087	hap8_33568_consensus	97.546	163	4	0	1	163	24	186	1.84e-79	279	N/A	0
ASV_087	hap7_31214_consensus	96.319	163	6	0	1	163	24	186	3.98e-76	268	N/A	0
ASV_087	hap12_33579_consensus	96.341	164	5	1	1	163	24	187	3.98e-76	268	N/A	0
ASV_087	hap9_33552_consensus	96.319	163	6	0	1	163	24	186	3.98e-76	268	N/A	0
ASV_087	hap11_31157_consensus	95.732	164	6	1	1	163	24	187	1.85e-74	263	N/A	0
ASV_087	hap10_33268_consensus	95.122	164	7	1	1	163	24	187	8.61e-73	257	N/A	0
ASV_288	hap5_31192_consensus	99.387	163	1	0	1	163	24	186	1.83e-84	296	N/A	0
ASV_288	hap3_31089_consensus	98.773	163	2	0	1	163	24	186	8.49e-83	291	N/A	0
ASV_288	hap6_ABLG9500_consensus	98.160	163	3	0	1	163	24	186	3.95e-81	285	N/A	0
ASV_288	hap4_31194_consensus	98.160	163	3	0	1	163	24	186	3.95e-81	285	N/A	0
ASV_288	hap2_31181_consensus	98.160	163	3	0	1	163	24	186	3.95e-81	285	N/A	0
ASV_288	hap1_33267_consensus	98.160	163	3	0	1	163	24	186	3.95e-81	285	N/A	0
ASV_288	hap7_31214_consensus	96.933	163	5	0	1	163	24	186	8.55e-78	274	N/A	0
ASV_288	hap12_33579_consensus	96.951	164	4	1	1	163	24	187	8.55e-78	274	N/A	0
ASV_288	hap9_33552_consensus	96.933	163	5	0	1	163	24	186	8.55e-78	274	N/A	0
ASV_288	hap8_33568_consensus	96.933	163	5	0	1	163	24	186	8.55e-78	274	N/A	0
ASV_288	hap11_31157_consensus	96.341	164	5	1	1	163	24	187	3.98e-76	268	N/A	0
ASV_288	hap10_33268_consensus	95.732	164	6	1	1	163	24	187	1.85e-74	263	N/A	0
ASV_287	hap7_31214_consensus	96.933	163	5	0	1	163	24	186	8.55e-78	274	N/A	0
ASV_287	hap6_ABLG9500_consensus	96.933	163	5	0	1	163	24	186	8.55e-78	274	N/A	0
ASV_287	hap5_31192_consensus	96.933	163	5	0	1	163	24	186	8.55e-78	274	N/A	0
ASV_287	hap12_33579_consensus	96.951	164	4	1	1	163	24	187	8.55e-78	274	N/A	0
ASV_287	hap9_33552_consensus	96.933	163	5	0	1	163	24	186	8.55e-78	274	N/A	0
ASV_287	hap11_31157_consensus	96.341	164	5	1	1	163	24	187	3.98e-76	268	N/A	0
ASV_287	hap3_31089_consensus	96.319	163	6	0	1	163	24	186	3.98e-76	268	N/A	0
ASV_287	hap4_31194_consensus	95.706	163	7	0	1	163	24	186	1.85e-74	263	N/A	0
ASV_287	hap2_31181_consensus	95.706	163	7	0	1	163	24	186	1.85e-74	263	N/A	0
ASV_287	hap10_33268_consensus	95.732	164	6	1	1	163	24	187	1.85e-74	263	N/A	0
ASV_287	hap8_33568_consensus	95.706	163	7	0	1	163	24	186	1.85e-74	263	N/A	0
ASV_287	hap1_33267_consensus	95.706	163	7	0	1	163	24	186	1.85e-74	263	N/A	0
ASV_197	hap3_31089_consensus	98.773	163	2	0	1	163	24	186	8.49e-83	291	N/A	0
ASV_197	hap6_ABLG9500_consensus	98.160	163	3	0	1	163	24	186	3.95e-81	285	N/A	0
ASV_197	hap5_31192_consensus	98.160	163	3	0	1	163	24	186	3.95e-81	285	N/A	0
ASV_197	hap4_31194_consensus	98.160	163	3	0	1	163	24	186	3.95e-81	285	N/A	0
ASV_197	hap2_31181_consensus	98.160	163	3	0	1	163	24	186	3.95e-81	285	N/A	0
ASV_197	hap1_33267_consensus	98.160	163	3	0	1	163	24	186	3.95e-81	285	N/A	0
ASV_197	hap8_33568_consensus	96.933	163	5	0	1	163	24	186	8.55e-78	274	N/A	0
ASV_197	hap7_31214_consensus	95.706	163	7	0	1	163	24	186	1.85e-74	263	N/A	0
ASV_197	hap12_33579_consensus	95.732	164	6	1	1	163	24	187	1.85e-74	263	N/A	0
ASV_197	hap11_31157_consensus	95.122	164	7	1	1	163	24	187	8.61e-73	257	N/A	0
ASV_197	hap10_33268_consensus	94.512	164	8	1	1	163	24	187	4.01e-71	252	N/A	0
ASV_197	hap9_33552_consensus	94.479	163	9	0	1	163	24	186	4.01e-71	252	N/A	0
ASV_018	hap3_31089_consensus	99.387	163	1	0	1	163	24	186	1.83e-84	296	N/A	0
ASV_018	hap6_ABLG9500_consensus	98.773	163	2	0	1	163	24	186	8.49e-83	291	N/A	0
ASV_018	hap5_31192_consensus	98.773	163	2	0	1	163	24	186	8.49e-83	291	N/A	0
ASV_018	hap4_31194_consensus	98.773	163	2	0	1	163	24	186	8.49e-83	291	N/A	0
ASV_018	hap2_31181_consensus	98.773	163	2	0	1	163	24	186	8.49e-83	291	N/A	0
ASV_018	hap1_33267_consensus	98.773	163	2	0	1	163	24	186	8.49e-83	291	N/A	0
ASV_018	hap8_33568_consensus	97.546	163	4	0	1	163	24	186	1.84e-79	279	N/A	0
ASV_018	hap7_31214_consensus	96.319	163	6	0	1	163	24	186	3.98e-76	268	N/A	0
ASV_018	hap12_33579_consensus	96.341	164	5	1	1	163	24	187	3.98e-76	268	N/A	0
ASV_018	hap11_31157_consensus	95.732	164	6	1	1	163	24	187	1.85e-74	263	N/A	0
ASV_018	hap10_33268_consensus	95.122	164	7	1	1	163	24	187	8.61e-73	257	N/A	0
ASV_018	hap9_33552_consensus	95.092	163	8	0	1	163	24	186	8.61e-73	257	N/A	0
ASV_325	hap5_31192_consensus	98.160	163	3	0	1	163	24	186	3.95e-81	285	N/A	0
ASV_325	hap4_31194_consensus	98.160	163	3	0	1	163	24	186	3.95e-81	285	N/A	0
ASV_325	hap3_31089_consensus	97.546	163	4	0	1	163	24	186	1.84e-79	279	N/A	0
ASV_325	hap6_ABLG9500_consensus	96.933	163	5	0	1	163	24	186	8.55e-78	274	N/A	0
ASV_325	hap2_31181_consensus	96.933	163	5	0	1	163	24	186	8.55e-78	274	N/A	0
ASV_325	hap1_33267_consensus	96.933	163	5	0	1	163	24	186	8.55e-78	274	N/A	0
ASV_325	hap11_31157_consensus	96.341	164	5	1	1	163	24	187	3.98e-76	268	N/A	0
ASV_325	hap7_31214_consensus	95.706	163	7	0	1	163	24	186	1.85e-74	263	N/A	0
ASV_325	hap12_33579_consensus	95.732	164	6	1	1	163	24	187	1.85e-74	263	N/A	0
ASV_325	hap10_33268_consensus	95.732	164	6	1	1	163	24	187	1.85e-74	263	N/A	0
ASV_325	hap8_33568_consensus	95.706	163	7	0	1	163	24	186	1.85e-74	263	N/A	0
ASV_325	hap9_33552_consensus	94.479	163	9	0	1	163	24	186	4.01e-71	252	N/A	0
ASV_123	hap6_ABLG9500_consensus	97.546	163	4	0	1	163	24	186	1.84e-79	279	N/A	0
ASV_123	hap4_31194_consensus	97.546	163	4	0	1	163	24	186	1.84e-79	279	N/A	0
ASV_123	hap3_31089_consensus	96.933	163	5	0	1	163	24	186	8.55e-78	274	N/A	0
ASV_123	hap5_31192_consensus	96.319	163	6	0	1	163	24	186	3.98e-76	268	N/A	0
ASV_123	hap2_31181_consensus	96.319	163	6	0	1	163	24	186	3.98e-76	268	N/A	0
ASV_123	hap1_33267_consensus	96.319	163	6	0	1	163	24	186	3.98e-76	268	N/A	0
ASV_123	hap7_31214_consensus	95.092	163	8	0	1	163	24	186	8.61e-73	257	N/A	0
ASV_123	hap12_33579_consensus	95.122	164	7	1	1	163	24	187	8.61e-73	257	N/A	0
ASV_123	hap8_33568_consensus	95.092	163	8	0	1	163	24	186	8.61e-73	257	N/A	0
ASV_123	hap11_31157_consensus	94.512	164	8	1	1	163	24	187	4.01e-71	252	N/A	0
ASV_123	hap10_33268_consensus	93.902	164	9	1	1	163	24	187	1.86e-69	246	N/A	0
ASV_123	hap9_33552_consensus	93.865	163	10	0	1	163	24	186	1.86e-69	246	N/A	0
ASV_109	hap12_33579_consensus	94.545	165	7	2	1	164	24	187	1.12e-71	254	N/A	0
ASV_109	hap7_31214_consensus	94.512	164	8	1	1	164	24	186	4.03e-71	252	N/A	0
ASV_109	hap6_ABLG9500_consensus	94.512	164	8	1	1	164	24	186	4.03e-71	252	N/A	0
ASV_109	hap5_31192_consensus	94.512	164	8	1	1	164	24	186	4.03e-71	252	N/A	0
ASV_109	hap9_33552_consensus	94.512	164	8	1	1	164	24	186	4.03e-71	252	N/A	0
ASV_109	hap11_31157_consensus	93.939	165	8	2	1	164	24	187	5.22e-70	248	N/A	0
ASV_109	hap3_31089_consensus	93.902	164	9	1	1	164	24	186	1.88e-69	246	N/A	0
ASV_109	hap10_33268_consensus	93.333	165	9	2	1	164	24	187	2.43e-68	243	N/A	0
ASV_109	hap4_31194_consensus	93.293	164	10	1	1	164	24	186	8.73e-68	241	N/A	0
ASV_109	hap2_31181_consensus	93.293	164	10	1	1	164	24	186	8.73e-68	241	N/A	0
ASV_109	hap8_33568_consensus	93.293	164	10	1	1	164	24	186	8.73e-68	241	N/A	0
ASV_109	hap1_33267_consensus	93.293	164	10	1	1	164	24	186	8.73e-68	241	N/A	0
ASV_040	hap12_33579_consensus	95.152	165	6	2	1	164	24	187	2.41e-73	259	N/A	0
ASV_040	hap7_31214_consensus	95.122	164	7	1	1	164	24	186	8.67e-73	257	N/A	0
ASV_040	hap6_ABLG9500_consensus	95.122	164	7	1	1	164	24	186	8.67e-73	257	N/A	0
ASV_040	hap5_31192_consensus	95.122	164	7	1	1	164	24	186	8.67e-73	257	N/A	0
ASV_040	hap9_33552_consensus	95.122	164	7	1	1	164	24	186	8.67e-73	257	N/A	0
ASV_040	hap11_31157_consensus	94.545	165	7	2	1	164	24	187	1.12e-71	254	N/A	0
ASV_040	hap3_31089_consensus	94.512	164	8	1	1	164	24	186	4.03e-71	252	N/A	0
ASV_040	hap10_33268_consensus	93.939	165	8	2	1	164	24	187	5.22e-70	248	N/A	0
ASV_040	hap4_31194_consensus	93.902	164	9	1	1	164	24	186	1.88e-69	246	N/A	0
ASV_040	hap2_31181_consensus	93.902	164	9	1	1	164	24	186	1.88e-69	246	N/A	0
ASV_040	hap8_33568_consensus	93.902	164	9	1	1	164	24	186	1.88e-69	246	N/A	0
ASV_040	hap1_33267_consensus	93.976	166	5	4	1	164	24	186	1.88e-69	246	N/A	0
ASV_152	hap12_33579_consensus	93.939	165	8	2	1	164	24	187	5.22e-70	248	N/A	0
ASV_152	hap7_31214_consensus	93.902	164	9	1	1	164	24	186	1.88e-69	246	N/A	0
ASV_152	hap6_ABLG9500_consensus	93.902	164	9	1	1	164	24	186	1.88e-69	246	N/A	0
ASV_152	hap5_31192_consensus	93.902	164	9	1	1	164	24	186	1.88e-69	246	N/A	0
ASV_152	hap9_33552_consensus	93.902	164	9	1	1	164	24	186	1.88e-69	246	N/A	0
ASV_152	hap11_31157_consensus	93.333	165	9	2	1	164	24	187	2.43e-68	243	N/A	0
ASV_152	hap3_31089_consensus	93.293	164	10	1	1	164	24	186	8.73e-68	241	N/A	0
ASV_152	hap10_33268_consensus	92.727	165	10	2	1	164	24	187	1.13e-66	237	N/A	0
ASV_152	hap4_31194_consensus	92.683	164	11	1	1	164	24	186	4.06e-66	235	N/A	0
ASV_152	hap2_31181_consensus	92.683	164	11	1	1	164	24	186	4.06e-66	235	N/A	0
ASV_152	hap8_33568_consensus	92.683	164	11	1	1	164	24	186	4.06e-66	235	N/A	0
ASV_152	hap1_33267_consensus	92.683	164	11	1	1	164	24	186	4.06e-66	235	N/A	0
ASV_075	hap12_33579_consensus	94.545	165	7	2	1	164	24	187	1.12e-71	254	N/A	0
ASV_075	hap7_31214_consensus	94.512	164	8	1	1	164	24	186	4.03e-71	252	N/A	0
ASV_075	hap6_ABLG9500_consensus	94.512	164	8	1	1	164	24	186	4.03e-71	252	N/A	0
ASV_075	hap5_31192_consensus	94.512	164	8	1	1	164	24	186	4.03e-71	252	N/A	0
ASV_075	hap9_33552_consensus	94.512	164	8	1	1	164	24	186	4.03e-71	252	N/A	0
ASV_075	hap11_31157_consensus	93.939	165	8	2	1	164	24	187	5.22e-70	248	N/A	0
ASV_075	hap3_31089_consensus	93.902	164	9	1	1	164	24	186	1.88e-69	246	N/A	0
ASV_075	hap10_33268_consensus	93.333	165	9	2	1	164	24	187	2.43e-68	243	N/A	0
ASV_075	hap4_31194_consensus	93.293	164	10	1	1	164	24	186	8.73e-68	241	N/A	0
ASV_075	hap2_31181_consensus	93.293	164	10	1	1	164	24	186	8.73e-68	241	N/A	0
ASV_075	hap8_33568_consensus	93.293	164	10	1	1	164	24	186	8.73e-68	241	N/A	0
ASV_075	hap1_33267_consensus	93.373	166	6	4	1	164	24	186	8.73e-68	241	N/A	0
ASV_049	hap3_31089_consensus	99.387	163	1	0	1	163	24	186	1.83e-84	296	N/A	0
ASV_049	hap6_ABLG9500_consensus	98.773	163	2	0	1	163	24	186	8.49e-83	291	N/A	0
ASV_049	hap5_31192_consensus	98.773	163	2	0	1	163	24	186	8.49e-83	291	N/A	0
ASV_049	hap4_31194_consensus	98.773	163	2	0	1	163	24	186	8.49e-83	291	N/A	0
ASV_049	hap2_31181_consensus	98.773	163	2	0	1	163	24	186	8.49e-83	291	N/A	0
ASV_049	hap1_33267_consensus	98.773	163	2	0	1	163	24	186	8.49e-83	291	N/A	0
ASV_049	hap8_33568_consensus	97.546	163	4	0	1	163	24	186	1.84e-79	279	N/A	0
ASV_049	hap7_31214_consensus	96.319	163	6	0	1	163	24	186	3.98e-76	268	N/A	0
ASV_049	hap12_33579_consensus	96.341	164	5	1	1	163	24	187	3.98e-76	268	N/A	0
ASV_049	hap11_31157_consensus	95.732	164	6	1	1	163	24	187	1.85e-74	263	N/A	0
ASV_049	hap10_33268_consensus	95.122	164	7	1	1	163	24	187	8.61e-73	257	N/A	0
ASV_049	hap9_33552_consensus	95.092	163	8	0	1	163	24	186	8.61e-73	257	N/A	0
ASV_241	hap11_31157_consensus	99.390	164	1	0	1	164	24	187	5.11e-85	298	N/A	0
ASV_241	hap12_33579_consensus	98.780	164	2	0	1	164	24	187	2.38e-83	292	N/A	0
ASV_241	hap10_33268_consensus	98.780	164	2	0	1	164	24	187	2.38e-83	292	N/A	0
ASV_241	hap7_31214_consensus	98.171	164	2	1	1	164	24	186	3.98e-81	285	N/A	0
ASV_241	hap6_ABLG9500_consensus	96.951	164	4	1	1	164	24	186	8.61e-78	274	N/A	0
ASV_241	hap5_31192_consensus	96.951	164	4	1	1	164	24	186	8.61e-78	274	N/A	0
ASV_241	hap3_31089_consensus	96.341	164	5	1	1	164	24	186	4.00e-76	268	N/A	0
ASV_241	hap4_31194_consensus	95.732	164	6	1	1	164	24	186	1.86e-74	263	N/A	0
ASV_241	hap2_31181_consensus	95.732	164	6	1	1	164	24	186	1.86e-74	263	N/A	0
ASV_241	hap9_33552_consensus	95.732	164	6	1	1	164	24	186	1.86e-74	263	N/A	0
ASV_241	hap8_33568_consensus	95.732	164	6	1	1	164	24	186	1.86e-74	263	N/A	0
ASV_241	hap1_33267_consensus	95.732	164	6	1	1	164	24	186	1.86e-74	263	N/A	0
ASV_158	hap3_31089_consensus	99.387	163	1	0	1	163	24	186	1.83e-84	296	N/A	0
ASV_158	hap6_ABLG9500_consensus	98.773	163	2	0	1	163	24	186	8.49e-83	291	N/A	0
ASV_158	hap5_31192_consensus	98.773	163	2	0	1	163	24	186	8.49e-83	291	N/A	0
ASV_158	hap4_31194_consensus	98.773	163	2	0	1	163	24	186	8.49e-83	291	N/A	0
ASV_158	hap2_31181_consensus	98.773	163	2	0	1	163	24	186	8.49e-83	291	N/A	0
ASV_158	hap1_33267_consensus	98.773	163	2	0	1	163	24	186	8.49e-83	291	N/A	0
ASV_158	hap8_33568_consensus	97.546	163	4	0	1	163	24	186	1.84e-79	279	N/A	0
ASV_158	hap7_31214_consensus	96.319	163	6	0	1	163	24	186	3.98e-76	268	N/A	0
ASV_158	hap12_33579_consensus	96.341	164	5	1	1	163	24	187	3.98e-76	268	N/A	0
ASV_158	hap11_31157_consensus	95.732	164	6	1	1	163	24	187	1.85e-74	263	N/A	0
ASV_158	hap10_33268_consensus	95.122	164	7	1	1	163	24	187	8.61e-73	257	N/A	0
ASV_158	hap9_33552_consensus	95.092	163	8	0	1	163	24	186	8.61e-73	257	N/A	0
ASV_014	hap3_31089_consensus	99.387	163	1	0	1	163	24	186	1.83e-84	296	N/A	0
ASV_014	hap6_ABLG9500_consensus	98.773	163	2	0	1	163	24	186	8.49e-83	291	N/A	0
ASV_014	hap5_31192_consensus	98.773	163	2	0	1	163	24	186	8.49e-83	291	N/A	0
ASV_014	hap4_31194_consensus	98.773	163	2	0	1	163	24	186	8.49e-83	291	N/A	0
ASV_014	hap2_31181_consensus	98.773	163	2	0	1	163	24	186	8.49e-83	291	N/A	0
ASV_014	hap1_33267_consensus	98.773	163	2	0	1	163	24	186	8.49e-83	291	N/A	0
ASV_014	hap8_33568_consensus	97.546	163	4	0	1	163	24	186	1.84e-79	279	N/A	0
ASV_014	hap7_31214_consensus	96.319	163	6	0	1	163	24	186	3.98e-76	268	N/A	0
ASV_014	hap12_33579_consensus	96.341	164	5	1	1	163	24	187	3.98e-76	268	N/A	0
ASV_014	hap11_31157_consensus	95.732	164	6	1	1	163	24	187	1.85e-74	263	N/A	0
ASV_014	hap10_33268_consensus	95.122	164	7	1	1	163	24	187	8.61e-73	257	N/A	0
ASV_014	hap9_33552_consensus	95.092	163	8	0	1	163	24	186	8.61e-73	257	N/A	0
ASV_230	hap3_31089_consensus	98.773	163	2	0	1	163	24	186	8.49e-83	291	N/A	0
ASV_230	hap6_ABLG9500_consensus	98.160	163	3	0	1	163	24	186	3.95e-81	285	N/A	0
ASV_230	hap5_31192_consensus	98.160	163	3	0	1	163	24	186	3.95e-81	285	N/A	0
ASV_230	hap4_31194_consensus	98.160	163	3	0	1	163	24	186	3.95e-81	285	N/A	0
ASV_230	hap2_31181_consensus	98.160	163	3	0	1	163	24	186	3.95e-81	285	N/A	0
ASV_230	hap1_33267_consensus	98.160	163	3	0	1	163	24	186	3.95e-81	285	N/A	0
ASV_230	hap8_33568_consensus	96.933	163	5	0	1	163	24	186	8.55e-78	274	N/A	0
ASV_230	hap7_31214_consensus	96.319	163	6	0	1	163	24	186	3.98e-76	268	N/A	0
ASV_230	hap12_33579_consensus	96.341	164	5	1	1	163	24	187	3.98e-76	268	N/A	0
ASV_230	hap11_31157_consensus	95.732	164	6	1	1	163	24	187	1.85e-74	263	N/A	0
ASV_230	hap10_33268_consensus	95.122	164	7	1	1	163	24	187	8.61e-73	257	N/A	0
ASV_230	hap9_33552_consensus	94.479	163	9	0	1	163	24	186	4.01e-71	252	N/A	0
ASV_067	hap3_31089_consensus	99.387	163	1	0	1	163	24	186	1.83e-84	296	N/A	0
ASV_067	hap6_ABLG9500_consensus	98.773	163	2	0	1	163	24	186	8.49e-83	291	N/A	0
ASV_067	hap5_31192_consensus	98.773	163	2	0	1	163	24	186	8.49e-83	291	N/A	0
ASV_067	hap4_31194_consensus	98.773	163	2	0	1	163	24	186	8.49e-83	291	N/A	0
ASV_067	hap2_31181_consensus	98.773	163	2	0	1	163	24	186	8.49e-83	291	N/A	0
ASV_067	hap1_33267_consensus	98.773	163	2	0	1	163	24	186	8.49e-83	291	N/A	0
ASV_067	hap8_33568_consensus	97.546	163	4	0	1	163	24	186	1.84e-79	279	N/A	0
ASV_067	hap7_31214_consensus	96.319	163	6	0	1	163	24	186	3.98e-76	268	N/A	0
ASV_067	hap12_33579_consensus	96.341	164	5	1	1	163	24	187	3.98e-76	268	N/A	0
ASV_067	hap11_31157_consensus	95.732	164	6	1	1	163	24	187	1.85e-74	263	N/A	0
ASV_067	hap10_33268_consensus	95.122	164	7	1	1	163	24	187	8.61e-73	257	N/A	0
ASV_067	hap9_33552_consensus	95.092	163	8	0	1	163	24	186	8.61e-73	257	N/A	0
ASV_334	hap3_31089_consensus	98.773	163	2	0	1	163	24	186	8.49e-83	291	N/A	0
ASV_334	hap6_ABLG9500_consensus	98.160	163	3	0	1	163	24	186	3.95e-81	285	N/A	0
ASV_334	hap5_31192_consensus	98.160	163	3	0	1	163	24	186	3.95e-81	285	N/A	0
ASV_334	hap4_31194_consensus	98.160	163	3	0	1	163	24	186	3.95e-81	285	N/A	0
ASV_334	hap2_31181_consensus	98.160	163	3	0	1	163	24	186	3.95e-81	285	N/A	0
ASV_334	hap1_33267_consensus	98.160	163	3	0	1	163	24	186	3.95e-81	285	N/A	0
ASV_334	hap8_33568_consensus	96.933	163	5	0	1	163	24	186	8.55e-78	274	N/A	0
ASV_334	hap7_31214_consensus	95.706	163	7	0	1	163	24	186	1.85e-74	263	N/A	0
ASV_334	hap12_33579_consensus	95.732	164	6	1	1	163	24	187	1.85e-74	263	N/A	0
ASV_334	hap11_31157_consensus	95.122	164	7	1	1	163	24	187	8.61e-73	257	N/A	0
ASV_334	hap10_33268_consensus	94.512	164	8	1	1	163	24	187	4.01e-71	252	N/A	0
ASV_334	hap9_33552_consensus	94.479	163	9	0	1	163	24	186	4.01e-71	252	N/A	0
ASV_098	hap6_ABLG9500_consensus	97.546	163	4	0	1	163	24	186	1.84e-79	279	N/A	0
ASV_098	hap5_31192_consensus	97.546	163	4	0	1	163	24	186	1.84e-79	279	N/A	0
ASV_098	hap3_31089_consensus	96.933	163	5	0	1	163	24	186	8.55e-78	274	N/A	0
ASV_098	hap7_31214_consensus	96.319	163	6	0	1	163	24	186	3.98e-76	268	N/A	0
ASV_098	hap4_31194_consensus	96.319	163	6	0	1	163	24	186	3.98e-76	268	N/A	0
ASV_098	hap2_31181_consensus	96.319	163	6	0	1	163	24	186	3.98e-76	268	N/A	0
ASV_098	hap12_33579_consensus	96.341	164	5	1	1	163	24	187	3.98e-76	268	N/A	0
ASV_098	hap1_33267_consensus	96.319	163	6	0	1	163	24	186	3.98e-76	268	N/A	0
ASV_098	hap11_31157_consensus	95.732	164	6	1	1	163	24	187	1.85e-74	263	N/A	0
ASV_098	hap10_33268_consensus	95.122	164	7	1	1	163	24	187	8.61e-73	257	N/A	0
ASV_098	hap9_33552_consensus	95.092	163	8	0	1	163	24	186	8.61e-73	257	N/A	0
ASV_098	hap8_33568_consensus	95.092	163	8	0	1	163	24	186	8.61e-73	257	N/A	0
ASV_212	hap7_31214_consensus	99.387	163	1	0	1	163	24	186	1.83e-84	296	N/A	0
ASV_212	hap12_33579_consensus	98.171	164	2	1	1	163	24	187	3.95e-81	285	N/A	0
ASV_212	hap10_33268_consensus	98.171	164	2	1	1	163	24	187	3.95e-81	285	N/A	0
ASV_212	hap11_31157_consensus	97.561	164	3	1	1	163	24	187	1.84e-79	279	N/A	0
ASV_212	hap6_ABLG9500_consensus	96.933	163	5	0	1	163	24	186	8.55e-78	274	N/A	0
ASV_212	hap5_31192_consensus	96.933	163	5	0	1	163	24	186	8.55e-78	274	N/A	0
ASV_212	hap3_31089_consensus	96.319	163	6	0	1	163	24	186	3.98e-76	268	N/A	0
ASV_212	hap8_33568_consensus	96.341	164	4	2	1	163	24	186	3.98e-76	268	N/A	0
ASV_212	hap1_33267_consensus	96.341	164	4	2	1	163	24	186	3.98e-76	268	N/A	0
ASV_212	hap4_31194_consensus	95.706	163	7	0	1	163	24	186	1.85e-74	263	N/A	0
ASV_212	hap2_31181_consensus	95.706	163	7	0	1	163	24	186	1.85e-74	263	N/A	0
ASV_212	hap9_33552_consensus	95.706	163	7	0	1	163	24	186	1.85e-74	263	N/A	0
ASV_285	hap9_33552_consensus	92.169	166	8	4	1	164	24	186	1.89e-64	230	N/A	0
ASV_232	hap5_31192_consensus	92.683	164	11	1	1	164	24	186	4.06e-66	235	N/A	0
ASV_232	hap2_31181_consensus	92.683	164	11	1	1	164	24	186	4.06e-66	235	N/A	0
ASV_232	hap9_33552_consensus	92.683	164	11	1	1	164	24	186	4.06e-66	235	N/A	0
ASV_232	hap6_ABLG9500_consensus	92.121	165	10	3	1	164	24	186	1.89e-64	230	N/A	0
ASV_232	hap3_31089_consensus	92.073	164	12	1	1	164	24	186	1.89e-64	230	N/A	0
ASV_008	hap9_33552_consensus	92.771	166	7	4	1	164	24	186	4.06e-66	235	N/A	0
ASV_252	hap3_31089_consensus	99.387	163	1	0	1	163	24	186	1.83e-84	296	N/A	0
ASV_252	hap6_ABLG9500_consensus	98.773	163	2	0	1	163	24	186	8.49e-83	291	N/A	0
ASV_252	hap5_31192_consensus	98.773	163	2	0	1	163	24	186	8.49e-83	291	N/A	0
ASV_252	hap4_31194_consensus	98.773	163	2	0	1	163	24	186	8.49e-83	291	N/A	0
ASV_252	hap2_31181_consensus	98.773	163	2	0	1	163	24	186	8.49e-83	291	N/A	0
ASV_252	hap1_33267_consensus	98.773	163	2	0	1	163	24	186	8.49e-83	291	N/A	0
ASV_252	hap8_33568_consensus	97.546	163	4	0	1	163	24	186	1.84e-79	279	N/A	0
ASV_252	hap7_31214_consensus	96.319	163	6	0	1	163	24	186	3.98e-76	268	N/A	0
ASV_252	hap12_33579_consensus	96.341	164	5	1	1	163	24	187	3.98e-76	268	N/A	0
ASV_252	hap11_31157_consensus	95.732	164	6	1	1	163	24	187	1.85e-74	263	N/A	0
ASV_252	hap10_33268_consensus	95.122	164	7	1	1	163	24	187	8.61e-73	257	N/A	0
ASV_252	hap9_33552_consensus	95.092	163	8	0	1	163	24	186	8.61e-73	257	N/A	0
ASV_239	hap9_33552_consensus	92.073	164	12	1	1	164	24	186	1.89e-64	230	N/A	0
ASV_219	hap9_33552_consensus	92.683	164	11	1	1	164	24	186	4.06e-66	235	N/A	0
ASV_023	hap9_33552_consensus	92.073	164	12	1	1	164	24	186	1.89e-64	230	N/A	0
ASV_263	hap9_33552_consensus	93.293	164	10	1	1	164	24	186	8.73e-68	241	N/A	0
ASV_263	hap5_31192_consensus	92.073	164	12	1	1	164	24	186	1.89e-64	230	N/A	0
ASV_263	hap2_31181_consensus	92.073	164	12	1	1	164	24	186	1.89e-64	230	N/A	0
ASV_051	hap9_33552_consensus	92.683	164	11	1	1	164	24	186	4.06e-66	235	N/A	0
ASV_284	hap9_33552_consensus	92.073	164	12	1	1	164	24	186	1.89e-64	230	N/A	0
ASV_213	hap9_33552_consensus	92.073	164	12	1	1	164	24	186	1.89e-64	230	N/A	0
